16 3 4 2 1 1
16 3 4 2 2 1
16 3 4 3 1 1
16 3 4 3 2 1
16 4 1 1 1:2 1
16 4 1 2 1:2 1
16 4 1 3 1:2 1
16 4 2 1 1:2 1
16 4 2 2 1:2 1
16 4 2 3 1:2 1
16 4 3 1 1 1
16 4 3 1 2 1
16 4 3 2 1 1
16 4 3 2 2 1
16 4 3 3 1 1
16 4 3 3 2 1
16 4 4 1 1 1
16 4 4 1 2 1
16 4 4 2 1 1
16 4 4 2 2 1
16 4 4 3 1 1
16 4 4 3 2 1
16 5 1 1 1:2 1
16 5 1 2 1:2 1
16 5 1 3 1:2 1
16 5 2 1 1:2 1
16 5 2 2 1:2 1
16 5 2 3 1:2 1
16 5 3 1 1 1
16 5 3 1 2 1
16 5 3 2 1 1
16 5 3 2 2 1
16 5 3 3 1 1
16 5 3 3 2 1
16 5 4 1 1 1
16 5 4 1 2 1
16 5 4 2 1 1
16 5 4 2 2 1
16 5 4 3 1 1
16 5 4 3 2 1
17 1 1 1 1:2 1
17 1 1 2 1:2 1
17 1 1 3 1:2 1
17 1 2 1 1:2 1
17 1 2 2 1:2 1
17 1 2 3 1:2 1
17 1 3 1 1 1
17 1 3 1 2 1
17 1 3 2 1 1
17 1 3 2 2 1
17 1 3 3 1 1
17 1 3 3 2 1
17 1 4 1 1 1
17 1 4 1 2 1
17 1 4 2 1 1
17 1 4 2 2 1
17 1 4 3 1 1
17 1 4 3 2 1
17 2 1 1 1:2 1
17 2 1 2 1:2 1
17 2 1 3 1:2 1
17 2 2 1 1:2 1
17 2 2 2 1:2 1
17 2 2 3 1:2 1
17 2 3 1 1 1
17 2 3 1 2 1
17 2 3 2 1 1
17 2 3 2 2 1
17 2 3 3 1 1
17 2 3 3 2 1
17 2 4 1 1 1
17 2 4 1 2 1
17 2 4 2 1 1
17 2 4 2 2 1
17 2 4 3 1 1
17 2 4 3 2 1
17 3 1 1 1:2 1
17 3 1 2 1:2 1
17 3 1 3 1:2 1
17 3 2 1 1:2 1
17 3 2 2 1:2 1
17 3 2 3 1:2 1
17 3 3 1 1 1
17 3 3 1 2 1
17 3 3 2 1 1
17 3 3 2 2 1
17 3 3 3 1 1
17 3 3 3 2 1
17 3 4 1 1 1
17 3 4 1 2 1
17 3 4 2 1 1
17 3 4 2 2 1
17 3 4 3 1 1
17 3 4 3 2 1
17 4 1 1 1:2 1
17 4 1 2 1:2 1
17 4 1 3 1:2 1
17 4 2 1 1:2 1
17 4 2 2 1:2 1
17 4 2 3 1:2 1
17 4 3 1 1 1
17 4 3 1 2 1
17 4 3 2 1 1
17 4 3 2 2 1
17 4 3 3 1 1
17 4 3 3 2 1
17 4 4 1 1 1
17 4 4 1 2 1
17 4 4 2 1 1
17 4 4 2 2 1
17 4 4 3 1 1
17 4 4 3 2 1
17 5 1 1 1:2 1
17 5 1 2 1:2 1
17 5 1 3 1:2 1
17 5 2 1 1:2 1
17 5 2 2 1:2 1
17 5 2 3 1:2 1
17 5 3 1 1 1
17 5 3 1 2 1
17 5 3 2 1 1
17 5 3 2 2 1
17 5 3 3 1 1
17 5 3 3 2 1
17 5 4 1 1 1
17 5 4 1 2 1
17 5 4 2 1 1
17 5 4 2 2 1
17 5 4 3 1 1
17 5 4 3 2 1
18 1 1 1 1:2 1
18 1 1 2 1:2 1
18 1 1 3 1:2 1
18 1 2 1 1:2 1
18 1 2 2 1:2 1
18 1 2 3 1:2 1
18 1 3 1 1 1
18 1 3 1 2 1
18 1 3 2 1 1
18 1 3 2 2 1
18 1 3 3 1 1
18 1 3 3 2 1
18 1 4 1 1 1
18 1 4 1 2 1
18 1 4 2 1 1
18 1 4 2 2 1
18 1 4 3 1 1
18 1 4 3 2 1
18 2 1 1 1:2 1
18 2 1 2 1:2 1
18 2 1 3 1:2 1
18 2 2 1 1:2 1
18 2 2 2 1:2 1
18 2 2 3 1:2 1
18 2 3 1 1 1
18 2 3 1 2 1
18 2 3 2 1 1
18 2 3 2 2 1
18 2 3 3 1 1
18 2 3 3 2 1
18 2 4 1 1 1
18 2 4 1 2 1
18 2 4 2 1 1
18 2 4 2 2 1
18 2 4 3 1 1
18 2 4 3 2 1
18 3 1 1 1:2 1
18 3 1 2 1:2 1
18 3 1 3 1:2 1
18 3 2 1 1:2 1
18 3 2 2 1:2 1
18 3 2 3 1:2 1
18 3 3 1 1 1
18 3 3 1 2 1
18 3 3 2 1 1
18 3 3 2 2 1
18 3 3 3 1 1
18 3 3 3 2 1
18 3 4 1 1 1
18 3 4 1 2 1
18 3 4 2 1 1
18 3 4 2 2 1
18 3 4 3 1 1
18 3 4 3 2 1
18 4 1 1 1:2 1
18 4 1 2 1:2 1
18 4 1 3 1:2 1
18 4 2 1 1:2 1
18 4 2 2 1:2 1
18 4 2 3 1:2 1
18 4 3 1 1 1
18 4 3 1 2 1
18 4 3 2 1 1
18 4 3 2 2 1
18 4 3 3 1 1
18 4 3 3 2 1
18 4 4 1 1 1
18 4 4 1 2 1
18 4 4 2 1 1
18 4 4 2 2 1
