36 3 4 2 1 1
36 3 4 2 2 1
36 3 4 3 1 1
36 3 4 3 2 1
36 4 1 1 1:2 1
36 4 1 2 1:2 1
36 4 1 3 1:2 1
36 4 2 1 1:2 1
36 4 2 2 1:2 1
36 4 2 3 1:2 1
36 4 3 1 1 1
36 4 3 1 2 1
36 4 3 2 1 1
36 4 3 2 2 1
36 4 3 3 1 1
36 4 3 3 2 1
36 4 4 1 1 1
36 4 4 1 2 1
36 4 4 2 1 1
36 4 4 2 2 1
36 4 4 3 1 1
36 4 4 3 2 1
36 5 1 1 1:2 1
36 5 1 2 1:2 1
36 5 1 3 1:2 1
36 5 2 1 1:2 1
36 5 2 2 1:2 1
36 5 2 3 1:2 1
36 5 3 1 1 1
36 5 3 1 2 1
36 5 3 2 1 1
36 5 3 2 2 1
36 5 3 3 1 1
36 5 3 3 2 1
36 5 4 1 1 1
36 5 4 1 2 1
36 5 4 2 1 1
36 5 4 2 2 1
36 5 4 3 1 1
36 5 4 3 2 1
37 1 1 1 1:2 1
37 1 1 2 1:2 1
37 1 1 3 1:2 1
37 1 2 1 1:2 1
37 1 2 2 1:2 1
37 1 2 3 1:2 1
37 1 3 1 1 1
37 1 3 1 2 1
37 1 3 2 1 1
37 1 3 2 2 1
37 1 3 3 1 1
37 1 3 3 2 1
37 1 4 1 1 1
37 1 4 1 2 1
37 1 4 2 1 1
37 1 4 2 2 1
37 1 4 3 1 1
37 1 4 3 2 1
37 2 1 1 1:2 1
37 2 1 2 1:2 1
37 2 1 3 1:2 1
37 2 2 1 1:2 1
37 2 2 2 1:2 1
37 2 2 3 1:2 1
37 2 3 1 1 1
37 2 3 1 2 1
37 2 3 2 1 1
37 2 3 2 2 1
37 2 3 3 1 1
37 2 3 3 2 1
37 2 4 1 1 1
37 2 4 1 2 1
37 2 4 2 1 1
37 2 4 2 2 1
37 2 4 3 1 1
37 2 4 3 2 1
37 3 1 1 1:2 1
37 3 1 2 1:2 1
37 3 1 3 1:2 1
37 3 2 1 1:2 1
37 3 2 2 1:2 1
37 3 2 3 1:2 1
37 3 3 1 1 1
37 3 3 1 2 1
37 3 3 2 1 1
37 3 3 2 2 1
37 3 3 3 1 1
37 3 3 3 2 1
37 3 4 1 1 1
37 3 4 1 2 1
37 3 4 2 1 1
37 3 4 2 2 1
37 3 4 3 1 1
37 3 4 3 2 1
37 4 1 1 1:2 1
37 4 1 2 1:2 1
37 4 1 3 1:2 1
37 4 2 1 1:2 1
37 4 2 2 1:2 1
37 4 2 3 1:2 1
37 4 3 1 1 1
37 4 3 1 2 1
37 4 3 2 1 1
37 4 3 2 2 1
37 4 3 3 1 1
37 4 3 3 2 1
37 4 4 1 1 1
37 4 4 1 2 1
37 4 4 2 1 1
37 4 4 2 2 1
37 4 4 3 1 1
37 4 4 3 2 1
37 5 1 1 1:2 1
37 5 1 2 1:2 1
37 5 1 3 1:2 1
37 5 2 1 1:2 1
37 5 2 2 1:2 1
37 5 2 3 1:2 1
37 5 3 1 1 1
37 5 3 1 2 1
37 5 3 2 1 1
37 5 3 2 2 1
37 5 3 3 1 1
37 5 3 3 2 1
37 5 4 1 1 1
37 5 4 1 2 1
37 5 4 2 1 1
37 5 4 2 2 1
37 5 4 3 1 1
37 5 4 3 2 1
38 1 1 1 1:2 1
38 1 1 2 1:2 1
38 1 1 3 1:2 1
38 1 2 1 1:2 1
38 1 2 2 1:2 1
38 1 2 3 1:2 1
38 1 3 1 1 1
38 1 3 1 2 1
38 1 3 2 1 1
38 1 3 2 2 1
38 1 3 3 1 1
38 1 3 3 2 1
38 1 4 1 1 1
38 1 4 1 2 1
38 1 4 2 1 1
38 1 4 2 2 1
38 1 4 3 1 1
38 1 4 3 2 1
38 2 1 1 1:2 1
38 2 1 2 1:2 1
38 2 1 3 1:2 1
38 2 2 1 1:2 1
38 2 2 2 1:2 1
38 2 2 3 1:2 1
38 2 3 1 1 1
38 2 3 1 2 1
38 2 3 2 1 1
38 2 3 2 2 1
38 2 3 3 1 1
38 2 3 3 2 1
38 2 4 1 1 1
38 2 4 1 2 1
38 2 4 2 1 1
38 2 4 2 2 1
38 2 4 3 1 1
38 2 4 3 2 1
38 3 1 1 1:2 1
38 3 1 2 1:2 1
38 3 1 3 1:2 1
38 3 2 1 1:2 1
38 3 2 2 1:2 1
38 3 2 3 1:2 1
38 3 3 1 1 1
38 3 3 1 2 1
38 3 3 2 1 1
38 3 3 2 2 1
38 3 3 3 1 1
38 3 3 3 2 1
38 3 4 1 1 1
38 3 4 1 2 1
38 3 4 2 1 1
38 3 4 2 2 1
38 3 4 3 1 1
38 3 4 3 2 1
38 4 1 1 1:2 1
38 4 1 2 1:2 1
38 4 1 3 1:2 1
38 4 2 1 1:2 1
38 4 2 2 1:2 1
38 4 2 3 1:2 1
38 4 3 1 1 1
38 4 3 1 2 1
38 4 3 2 1 1
38 4 3 2 2 1
38 4 3 3 1 1
38 4 3 3 2 1
38 4 4 1 1 1
38 4 4 1 2 1
38 4 4 2 1 1
38 4 4 2 2 1
