18 4 4 3 1 1
18 4 4 3 2 1
18 5 1 1 1:2 1
18 5 1 2 1:2 1
18 5 1 3 1:2 1
18 5 2 1 1:2 1
18 5 2 2 1:2 1
18 5 2 3 1:2 1
18 5 3 1 1 1
18 5 3 1 2 1
18 5 3 2 1 1
18 5 3 2 2 1
18 5 3 3 1 1
18 5 3 3 2 1
18 5 4 1 1 1
18 5 4 1 2 1
18 5 4 2 1 1
18 5 4 2 2 1
18 5 4 3 1 1
18 5 4 3 2 1
19 1 1 1 1:2 1
19 1 1 2 1:2 1
19 1 1 3 1:2 1
19 1 2 1 1:2 1
19 1 2 2 1:2 1
19 1 2 3 1:2 1
19 1 3 1 1 1
19 1 3 1 2 1
19 1 3 2 1 1
19 1 3 2 2 1
19 1 3 3 1 1
19 1 3 3 2 1
19 1 4 1 1 1
19 1 4 1 2 1
19 1 4 2 1 1
19 1 4 2 2 1
19 1 4 3 1 1
19 1 4 3 2 1
19 2 1 1 1:2 1
19 2 1 2 1:2 1
19 2 1 3 1:2 1
19 2 2 1 1:2 1
19 2 2 2 1:2 1
19 2 2 3 1:2 1
19 2 3 1 1 1
19 2 3 1 2 1
19 2 3 2 1 1
19 2 3 2 2 1
19 2 3 3 1 1
19 2 3 3 2 1
19 2 4 1 1 1
19 2 4 1 2 1
19 2 4 2 1 1
19 2 4 2 2 1
19 2 4 3 1 1
19 2 4 3 2 1
19 3 1 1 1:2 1
19 3 1 2 1:2 1
19 3 1 3 1:2 1
19 3 2 1 1:2 1
19 3 2 2 1:2 1
19 3 2 3 1:2 1
19 3 3 1 1 1
19 3 3 1 2 1
19 3 3 2 1 1
19 3 3 2 2 1
19 3 3 3 1 1
19 3 3 3 2 1
19 3 4 1 1 1
19 3 4 1 2 1
19 3 4 2 1 1
19 3 4 2 2 1
19 3 4 3 1 1
19 3 4 3 2 1
19 4 1 1 1:2 1
19 4 1 2 1:2 1
19 4 1 3 1:2 1
19 4 2 1 1:2 1
19 4 2 2 1:2 1
19 4 2 3 1:2 1
19 4 3 1 1 1
19 4 3 1 2 1
19 4 3 2 1 1
19 4 3 2 2 1
19 4 3 3 1 1
19 4 3 3 2 1
19 4 4 1 1 1
19 4 4 1 2 1
19 4 4 2 1 1
19 4 4 2 2 1
19 4 4 3 1 1
19 4 4 3 2 1
19 5 1 1 1:2 1
19 5 1 2 1:2 1
19 5 1 3 1:2 1
19 5 2 1 1:2 1
19 5 2 2 1:2 1
19 5 2 3 1:2 1
19 5 3 1 1 1
19 5 3 1 2 1
19 5 3 2 1 1
19 5 3 2 2 1
19 5 3 3 1 1
19 5 3 3 2 1
19 5 4 1 1 1
19 5 4 1 2 1
19 5 4 2 1 1
19 5 4 2 2 1
19 5 4 3 1 1
19 5 4 3 2 1
20 1 1 1 1:2 1
20 1 1 2 1:2 1
20 1 1 3 1:2 1
20 1 2 1 1:2 1
20 1 2 2 1:2 1
20 1 2 3 1:2 1
20 1 3 1 1 1
20 1 3 1 2 1
20 1 3 2 1 1
20 1 3 2 2 1
20 1 3 3 1 1
20 1 3 3 2 1
20 1 4 1 1 1
20 1 4 1 2 1
20 1 4 2 1 1
20 1 4 2 2 1
20 1 4 3 1 1
20 1 4 3 2 1
20 2 1 1 1:2 1
20 2 1 2 1:2 1
20 2 1 3 1:2 1
20 2 2 1 1:2 1
20 2 2 2 1:2 1
20 2 2 3 1:2 1
20 2 3 1 1 1
20 2 3 1 2 1
20 2 3 2 1 1
20 2 3 2 2 1
20 2 3 3 1 1
20 2 3 3 2 1
20 2 4 1 1 1
20 2 4 1 2 1
20 2 4 2 1 1
20 2 4 2 2 1
20 2 4 3 1 1
20 2 4 3 2 1
20 3 1 1 1:2 1
20 3 1 2 1:2 1
20 3 1 3 1:2 1
20 3 2 1 1:2 1
20 3 2 2 1:2 1
20 3 2 3 1:2 1
20 3 3 1 1 1
20 3 3 1 2 1
20 3 3 2 1 1
20 3 3 2 2 1
20 3 3 3 1 1
20 3 3 3 2 1
20 3 4 1 1 1
20 3 4 1 2 1
20 3 4 2 1 1
20 3 4 2 2 1
20 3 4 3 1 1
20 3 4 3 2 1
20 4 1 1 1:2 1
20 4 1 2 1:2 1
20 4 1 3 1:2 1
20 4 2 1 1:2 1
20 4 2 2 1:2 1
20 4 2 3 1:2 1
20 4 3 1 1 1
20 4 3 1 2 1
20 4 3 2 1 1
20 4 3 2 2 1
20 4 3 3 1 1
20 4 3 3 2 1
20 4 4 1 1 1
20 4 4 1 2 1
20 4 4 2 1 1
20 4 4 2 2 1
20 4 4 3 1 1
20 4 4 3 2 1
20 5 1 1 1:2 1
20 5 1 2 1:2 1
20 5 1 3 1:2 1
20 5 2 1 1:2 1
20 5 2 2 1:2 1
20 5 2 3 1:2 1
20 5 3 1 1 1
20 5 3 1 2 1
20 5 3 2 1 1
20 5 3 2 2 1
20 5 3 3 1 1
20 5 3 3 2 1
20 5 4 1 1 1
20 5 4 1 2 1
20 5 4 2 1 1
20 5 4 2 2 1
20 5 4 3 1 1
20 5 4 3 2 1
