1
35 3 2 2 1:2 1
35 3 2 3 1:2 1
35 3 3 1 1 1
35 3 3 1 2 1
35 3 3 2 1 1
35 3 3 2 2 1
35 3 3 3 1 1
35 3 3 3 2 1
35 3 4 1 1 1
35 3 4 1 2 1
35 3 4 2 1 1
35 3 4 2 2 1
35 3 4 3 1 1
35 3 4 3 2 1
35 4 1 1 1:2 1
35 4 1 2 1:2 1
35 4 1 3 1:2 1
35 4 2 1 1:2 1
35 4 2 2 1:2 1
35 4 2 3 1:2 1
35 4 3 1 1 1
35 4 3 1 2 1
35 4 3 2 1 1
35 4 3 2 2 1
35 4 3 3 1 1
35 4 3 3 2 1
35 4 4 1 1 1
35 4 4 1 2 1
35 4 4 2 1 1
35 4 4 2 2 1
35 4 4 3 1 1
35 4 4 3 2 1
35 5 1 1 1:2 1
35 5 1 2 1:2 1
35 5 1 3 1:2 1
35 5 2 1 1:2 1
35 5 2 2 1:2 1
35 5 2 3 1:2 1
35 5 3 1 1 1
35 5 3 1 2 1
35 5 3 2 1 1
35 5 3 2 2 1
35 5 3 3 1 1
35 5 3 3 2 1
35 5 4 1 1 1
35 5 4 1 2 1
35 5 4 2 1 1
35 5 4 2 2 1
35 5 4 3 1 1
35 5 4 3 2 1
36 1 1 1 1:2 1
36 1 1 2 1:2 1
36 1 1 3 1:2 1
36 1 2 1 1:2 1
36 1 2 2 1:2 1
36 1 2 3 1:2 1
36 1 3 1 1 1
36 1 3 1 2 1
36 1 3 2 1 1
36 1 3 2 2 1
36 1 3 3 1 1
36 1 3 3 2 1
36 1 4 1 1 1
36 1 4 1 2 1
36 1 4 2 1 1
36 1 4 2 2 1
36 1 4 3 1 1
36 1 4 3 2 1
36 2 1 1 1:2 1
36 2 1 2 1:2 1
36 2 1 3 1:2 1
36 2 2 1 1:2 1
36 2 2 2 1:2 1
36 2 2 3 1:2 1
36 2 3 1 1 1
36 2 3 1 2 1
36 2 3 2 1 1
36 2 3 2 2 1
36 2 3 3 1 1
36 2 3 3 2 1
36 2 4 1 1 1
36 2 4 1 2 1
36 2 4 2 1 1
36 2 4 2 2 1
36 2 4 3 1 1
36 2 4 3 2 1
36 3 1 1 1:2 1
36 3 1 2 1:2 1
36 3 1 3 1:2 1
36 3 2 1 1:2 1
36 3 2 2 1:2 1
36 3 2 3 1:2 1
36 3 3 1 1 1
36 3 3 1 2 1
36 3 3 2 1 1
36 3 3 2 2 1
36 3 3 3 1 1
36 3 3 3 2 1
36 3 4 1 1 1
36 3 4 1 2 1
