 35 3 4 3 2 1
 35 3 4 3 2 1
 35 3 4 3 2 1
 35 3 4 3 2 1
 35 3 4 3 2 1
 5 3 4 3 2 1
10 3 4 3 2 1
19 3 4 3 2 1
20 3 4 3 2 1
28 3 4 3 2 1
33 3 4 3 2 1
5 3 4 3 2 1
10 3 4 3 2 1
19 3 4 3 2 1
20 3 4 3 2 1
28 3 4 3 2 1
33 3 4 3 2 1
 5 3 4 3 1 1
 5 3 4 3 1 1
 5 3 4 3 1 1
 5 3 4 3 1 1
 5 3 4 3 1 1
 5 3 4 3 1 1
 5 3 4 3 1 1
 5 3 4 3 1 1
 37 3 4 3 2 1
 37 3 4 3 2 1
 37 3 4 3 2 1
 36 3 4 3 2 1
 36 3 4 3 2 1
 36 3 4 3 2 1
 37 3 4 3 1 1
 37 3 4 3 1 1
 37 3 4 3 1 1
 37 3 4 3 1 1
 36 3 4 3 1 1
 36 3 4 3 1 1
 36 3 4 3 1 1
 21 3 4 2 2 1
 22 3 4 2 2 1
 22 3 4 2 2 1
 21 3 4 2 2 1
 22 3 4 2 2 1
 21 3 4 2 2 1
 22 3 4 2 2 1
 24 3 4 2 2 1
 37 3 4 2 2 1
 37 3 4 2 2 1
 37 3 4 2 2 1
 37 3 4 2 2 1
 36 3 4 2 2 1
 36 3 4 2 2 1
 36 3 4 2 2 1
 22 3 4 2 1 1
 22 3 4 2 1 1
 22 3 4 2 1 1
 22 3 4 2 1 1
 33 3 4 2 1 1
 33 3 4 2 1 1
 37 3 4 2 1 1
 37 3 4 2 1 1
 37 3 4 2 1 1
 37 3 4 2 1 1
 36 3 4 2 1 1
 36 3 4 2 1 1
 36 3 4 2 1 1
 21 3 3 2 2 1
 22 3 3 2 2 1
 21 3 3 2 2 1
 22 3 3 2 2 1
 21 3 3 2 2 1
 22 3 3 2 2 1
 21 3 3 2 2 1
 22 3 3 2 2 1
 21 3 3 2 1 1
 21 3 3 2 1 1
 21 3 3 2 1 1
 21 3 3 2 1 1
 22 3 3 2 1 1
 22 3 3 2 1 1
 22 3 3 2 1 1
 22 3 3 2 1 1
34 3 2 2 1:2 1
34 3 2 2 1:2 1
34 3 2 2 1:2 1
34 3 2 2 1:2 1
