6 4 4 3 1 1
6 4 4 3 2 1
6 5 1 1 12 1
6 5 1 2 12 1
8 2 1 1 12 1
8 2 1 2 12 1
8 2 1 3 12 1
8 2 2 1 12 1
8 2 2 2 12 1
8 2 2 3 12 1
8 2 3 1 1 1
8 2 3 1 2 1
8 2 3 2 1 1
8 2 3 2 2 1
8 2 3 3 1 1
8 2 3 3 2 1
8 2 4 1 1 1
8 2 4 1 2 1
8 2 4 2 1 1
8 2 4 2 2 1
8 2 4 3 1 1
8 2 4 3 2 1
8 3 1 1 12 1
8 3 1 2 12 1
8 3 1 3 12 1
8 3 2 1 12 1
8 3 2 2 12 1
8 3 2 3 12 1
8 3 3 1 1 1
8 3 3 1 2 1
8 3 3 2 1 1
8 3 3 2 2 1
8 3 3 3 1 1
8 3 3 3 2 1
8 3 4 1 1 1
8 3 4 1 2 1
8 3 4 2 1 1
8 3 4 2 2 1
8 3 4 3 1 1
8 3 4 3 2 1
8 4 1 1 12 1
8 4 1 3 12 1
8 4 2 1 12 1
8 4 2 2 12 1
8 4 2 3 12 1
8 4 3 1 1 1
8 4 3 1 2 1
8 4 3 2 1 1
8 4 3 2 2 1
8 4 3 3 1 1
8 4 3 3 2 1
8 4 4