34 2 4 1 1 1
34 2 4 1 2 1
34 2 4 2 1 1
34 2 4 2 2 1
34 2 4 3 1 1
34 2 4 3 2 1
34 3 1 1 1:2 1
34 3 1 2 1:2 1
34 3 1 3 1:2 1
34 3 2 1 1:2 1
34 3 2 2 1:2 1
34 3 2 3 1:2 1
34 3 3 1 1 1
34 3 3 1 2 1
34 3 3 2 1 1
34 3 3 2 2 1
34 3 3 3 1 1
34 3 3 3 2 1
34 3 4 1 1 1
34 3 4 1 2 1
34 3 4 2 1 1
34 3 4 2 2 1
34 3 4 3 1 1
34 3 4 3 2 1
34 4 1 1 1:2 1
34 4 1 2 1:2 1
34 4 1 3 1:2 1
34 4 2 1 1:2 1
34 4 2 2 1:2 1
34 4 2 3 1:2 1
34 4 3 1 1 1
34 4 3 1 2 1
34 4 3 2 1 1
34 4 3 2 2 1
34 4 3 3 1 1
34 4 3 3 2 1
34 4 4 1 1 1
34 4 4 1 2 1
34 4 4 2 1 1
34 4 4 2 2 1
34 4 4 3 1 1
34 4 4 3 2 1
34 5 1 1 1:2 1
34 5 1 2 1:2 1
34 5 1 3 1:2 1
34 5 2 1 1:2 1
34 5 2 2 1:2 1
34 5 2 3 1:2 1
34 5 3 1 1 1
34 5 3 1 2 1
34 5 3 2 1 1
34 5 3 2 2 1
34 5 3 3 1 1
34 5 3 3 2 1
34 5 4 1 1 1
34 5 4 1 2 1
34 5 4 2 1 1
34 5 4 2 2 1
34 5 4 3 1 1
34 5 4 3 2 1
35 1 1 1 1:2 1
35 1 1 2 1:2 1
35 1 1 3 1:2 1
35 1 2 1 1:2 1
35 1 2 2 1:2 1
35 1 2 3 1:2 1
35 1 3 1 1 1
35 1 3 1 2 1
35 1 3 2 1 1
35 1 3 2 2 1
35 1 3 3 1 1
35 1 3 3 2 1
35 1 4 1 1 1
35 1 4 1 2 1
35 1 4 2 1 1
35 1 4 2 2 1
35 1 4 3 1 1
35 1 4 3 2 1
35 2 1 1 1:2 1
35 2 1 2 1:2 1
35 2 1 3 1:2 1
35 2 2 1 1:2 1
35 2 2 2 1:2 1
35 2 2 3 1:2 1
35 2 3 1 1 1
35 2 3 1 2 1
35 2 3 2 1 1
35 2 3 2 2 1
35 2 3 3 1 1
35 2 3 3 2 1
35 2 4 1 1 1
35 2 4 1 2 1
35 2 4 2 1 1
35 2 4 2 2 1
35 2 4 3 1 1
35 2 4 3 2 1
35 3 1 1 1:2 1
35 3 1 2 1:2 1
35 3 1 3 1:2 1
35 3 2 1 1:2 