27 4 3 1 1 1
27 4 3 1 2 1
27 4 3 2 1 1
27 4 3 2 2 1
27 4 3 3 1 1
27 4 3 3 2 1
27 4 4 1 1 1
27 4 4 1 2 1
27 4 4 2 1 1
27 4 4 2 2 1
27 4 4 3 1 1
27 4 4 3 2 1
27 5 1 1 1:2 1
27 5 1 2 1:2 1
27 5 1 3 1:2 1
27 5 2 1 1:2 1
27 5 2 2 1:2 1
27 5 2 3 1:2 1
27 5 3 1 1 1
27 5 3 1 2 1
27 5 3 2 1 1
27 5 3 2 2 1
27 5 3 3 1 1
27 5 3 3 2 1
27 5 4 1 1 1
27 5 4 1 2 1
27 5 4 2 1 1
27 5 4 2 2 1
27 5 4 3 1 1
27 5 4 3 2 1
28 1 1 1 1:2 1
28 1 1 2 1:2 1
28 1 1 3 1:2 1
28 1 2 1 1:2 1
28 1 2 2 1:2 1
28 1 2 3 1:2 1
28 1 3 1 1 1
28 1 3 1 2 1
28 1 3 2 1 1
28 1 3 2 2 1
28 1 3 3 1 1
28 1 3 3 2 1
28 1 4 1 1 1
28 1 4 1 2 1
28 1 4 2 1 1
28 1 4 2 2 1
28 1 4 3 1 1
28 1 4 3 2 1
28 2 1 1 1:2 1
28 2 1 2 1:2 1
28 2 1 3 1:2 1
28 2 2 1 1:2 1
28 2 2 2 1:2 1
28 2 2 3 1:2 1
28 2 3 1 1 1
28 2 3 1 2 1
28 2 3 2 1 1
28 2 3 2 2 1
28 2 3 3 1 1
28 2 3 3 2 1
28 2 4 1 1 1
28 2 4 1 2 1
28 2 4 2 1 1
28 2 4 2 2 1
28 2 4 3 1 1
28 2 4 3 2 1
28 3 1 1 1:2 1
28 3 1 2 1:2 1
28 3 1 3 1:2 1
28 3 2 1 1:2 1
28 3 2 2 1:2 1
28 3 2 3 1:2 1
28 3 3 1 1 1
28 3 3 1 2 1
28 3 3 2 1 1
28 3 3 2 2 1
28 3 3 3 1 1
28 3 3 3 2 1
28 3 4 1 1 1
28 3 4 1 2 1
28 3 4 2 1 1
28 3 4 2 2 1
28 3 4 3 1 1
28 3 4 3 2 1
28 4 1 1 1:2 1
28 4 1 2 1:2 1
28 4 1 3 1:2 1
28 4 2 1 1:2 1
28 4 2 2 1:2 1
28 4 2 3 1:2 1
28 4 3 1 1 1
28 4 3 1 2 1
28 4 3 2 1 1
28 4 3 2 2 1
28 4 3 3 1 1
28 4 3 3 2 1
28 4 4 1 1 1
28 4 4 1 2 1
28 4 4 2 1 1
28 4 4 2 2 1
28 4 4