5 3 2 2 1
23 5 3 3 1 1
23 5 3 3 2 1
24 5 1 3 1:2 1
24 5 2 1 1:2 1
25 1 3 3 2 1
25 1 4 1 1 1
25 1 4 2 2 1
24 2 1 3 1:2 1
24 2 2 1 1:2 1
24 2 2 2 1:2 1
24 2 2 3 1:2 1
24 2 3 1 1 1
24 2 3 1 2 1
24 2 3 2 1 1
24 2 3 2 2 1
24 2 3 3 1 1
24 2 3 3 2 1
24 2 4 1 1 1
24 2 4 2 1 1
24 2 4 2 2 1
23 3 4 2 1 1
23 3 4 2 2 1
23 4 2 1 1:2 1
23 4 2 2 1:2 1
23 4 2 3 1:2 1
23 4 4 3 2 1
23 5 1 1 1:2 1
23 5 1 3 1:2 1
23 5 2 1 1:2 1
23 5 2 2 1:2 1
23 5 2 3 1:2 1
23 5 4 3 2 1
24 1 3 3 1 1
24 1 3 3 2 1
24 3 4 2 1 1
24 3 4 3 1 1
24 3 4 3 2 1
24 5 4 2 2 1
24 4 1 2 1:2 1
24 4 2 1 1:2 1
24 4 2 3 1:2 1
24 4 3 1 1 1
24 4 3 2 1 1
24 4 3 3 1 1
24 4 3 3 2 1
24 4 4 1 1 1
24 4 4 1 2 