32 4 3 3 2 2
32 5 3 1 1 2
32 5 3 1 2 2
32 5 3 2 1 2
32 5 3 2 2 2
32 5 3 3 1 2
32 5 3 3 2 2
33 1 3 1 1 2
33 1 3 1 2 2
33 1 3 2 1 2
33 1 3 2 2 2
33 1 3 3 1 2
33 1 3 3 2 2
33 2 3 1 1 2
33 2 3 1 2 2
33 2 3 2 1 2
33 2 3 2 2 2
33 2 3 3 1 2
33 2 3 3 2 2
33 3 3 1 1 2
33 3 3 1 2 2
33 3 3 2 1 2
33 3 3 2 2 2
33 3 3 3 1 2
33 3 3 3 2 2
33 4 3 1 1 2
33 4 3 1 2 2
33 4 3 2 1 2
33 4 3 2 2 2
33 4 3 3 1 2
33 4 3 3 2 2
33 5 3 1 1 2
33 5 3 1 2 2
33 5 3 2 1 2
33 5 3 2 2 2
33 5 3 3 1 2
33 5 3 3 2 2
34 1 3 1 1 2
34 1 3 1 2 2
34 1 3 2 1 2
34 1 3 2 2 2
34 1 3 3 1 2
34 1 3 3 2 2
34 2 3 1 1 2
34 2 3 1 2 2
34 2 3 2 1 2
34 2 3 2 2 2
34 2 3 3 1 2
34 2 3 3 2 2
34 3 3 1 1 2
34 3 3 1 2 2
34 3 3 2 1 2
34 3 3 2 2 2
34 3 3 3 1 2
34 3 3 3 2 2
34 4 3 1 1 2
34 4 3 1 2 2
34 4 3 2 1 2
34 4 3 2 2 2
34 4 3 3 1 2
34 4 3 3 2 2
34 5 3 1 1 2
34 5 3 1 2 2
34 5 3 2 1 2
34 5 3 2 2 2
34 5 3 3 1 2
34 5 3 3 2 2
35 1 3 1 1 2
35 1 3 1 2 2
35 1 3 2 1 2
35 1 3 2 2 2
35 1 3 3 1 2
35 1 3 3 2 2
35 2 3 1 1 2
35 2 3 1 2 2
35 2 3 2 1 2
35 2 3 2 2 2
35 2 3 3 1 2
35 2 3 3 2 2
35 3 3 1 1 2
35 3 3 1 2 2
35 3 3 2 1 2
35 3 3 2 2 2
35 3 3 3 1 2
35 3 3 3 2 2
35 4 3 1 1 2
35 4 3 1 2 2
35 4 3 2 1 2
35 4 3 2 2 2
35 4 3 3 1 2
35 4 3 3 2 2
35 5 3 1 1 2
35 5 3 1 2 2
35 5 3 2 1 2
35 5 3 2 2 2
35 5 3 3 1 2
35 5 3 3 2 2
36 1 3 1 1 2
36 1 3 1 2 2
36 1 3 2 1 2
36 1 3 2 2 2
36 1 3 3 1 2
36 1 3 3 2 2
36 2 3 1 1 2
36 2 3 1 2 2
36 2 3 2 1 2
36 2 3 2 2 2
36 2 3 3 1 2
36 2 3 3 2 2
36 3 3 1 1 2
36 3 3 1 2 2
36 3 3 2 1 2
36 3 3 2 2 2
36 3 3 3 1 2
36 3 3 3 2 2
36 4 3 1 1 2
36 4 3 1 2 2
36 4 3 2 1 2
36 4 3 2 2 2
36 4 3 3 1 2
36 4 3 3 2 2
36 5 3 1 1 2
36 5 3 1 2 2
36 5 3 2 1 2
36 5 3 2 2 2
36 5 3 3 1 2
36 5 3 3 2 2
37 1 3 1 1 2
37 1 3 1 2 2
37 1 3 2 1 2
37 1 3 2 2 2
37 1 3 3 1 2
37 1 3 3 2 2
37 2 3 1 1 2
37 2 3 1 2 2
37 2 3 2 1 2
37 2 3 2 2 2
37 2 3 3 1 2
37 2 3 3 2 2
37 3 3 1 1 2
37 3 3 1 2 2
37 3 3 2 1 2
37 3 3 2 2 2
37 3 3 3 1 2
37 3 3 3 2 2
37 4 3 1 1 2
37 4 3 1 2 2
37 4 3 2 1 2
37 4 3 2 2 2
37 4 3 3 1 2
37 4 3 3 2 2
37 5 3 1 1 2
37 5 3 1 2 2
37 5 3 2 1 2
37 5 3 2 2 2
37 5 3 3 1 2
37 5 3 3 2 2
38 1 3 1 1 2
38 1 3 1 2 2
38 1 3 2 1 2
38 1 3 2 2 2
38 1 3 3 1 2
38 1 3 3 2 2
38 2 3 1 1 2
38 2 3 1 2 2
38 2 3 2 1 2
38 2 3 2 2 2
38 2 3 3 1 2
38 2 3 3 2 2
38 3 3 1 1 2
38 3 3 1 2 2
38 3 3 2 1 2
38 3 3 2 2 2
38 3 3 3 1 2
38 3 3 3 2 2
38 4 3 1 1 2
38 4 3 1 2 2
38 4 3 2 1 2
38 4 3 2 2 2
38 4 3 3 1 2
38 4 3 3 2 2
38 5 3 1 1 2
38 5 3 1 2 2
38 5 3 2 1 2
38 5 3 2 2 2
38 5 3 3 1 2
38 5 3 3 2 2
