14 2 4 1 1 1
14 2 4 1 2 1
14 2 4 2 1 1
14 2 4 2 2 1
14 2 4 3 1 1
14 2 4 3 2 1
14 3 1 1 1:2 1
14 3 1 2 1:2 1
14 3 1 3 1:2 1
14 3 2 1 1:2 1
14 3 2 2 1:2 1
14 3 2 3 1:2 1
14 3 3 1 1 1
14 3 3 1 2 1
14 3 3 2 1 1
14 3 3 2 2 1
14 3 3 3 1 1
14 3 3 3 2 1
14 3 4 1 1 1
14 3 4 1 2 1
14 3 4 2 1 1
14 3 4 2 2 1
14 3 4 3 1 1
14 3 4 3 2 1
14 4 1 1 1:2 1
14 4 1 2 1:2 1
14 4 1 3 1:2 1
14 4 2 1 1:2 1
14 4 2 2 1:2 1
14 4 2 3 1:2 1
14 4 3 1 1 1
14 4 3 1 2 1
14 4 3 2 1 1
14 4 3 2 2 1
14 4 3 3 1 1
14 4 3 3 2 1
14 4 4 1 1 1
14 4 4 1 2 1
14 4 4 2 1 1
14 4 4 2 2 1
14 4 4 3 1 1
14 4 4 3 2 1
14 5 1 1 1:2 1
14 5 1 2 1:2 1
14 5 1 3 1:2 1
14 5 2 1 1:2 1
14 5 2 2 1:2 1
14 5 2 3 1:2 1
14 5 3 1 1 1
14 5 3 1 2 1
14 5 3 2 1 1
14 5 3 2 2 1
14 5 3 3 1 1
14 5 3 3 2 1
14 5 4 1 1 1
14 5 4 1 2 1
14 5 4 2 1 1
14 5 4 2 2 1
14 5 4 3 1 1
14 5 4 3 2 1
15 1 1 1 1:2 1
15 1 1 2 1:2 1
15 1 1 3 1:2 1
15 1 2 1 1:2 1
15 1 2 2 1:2 1
15 1 2 3 1:2 1
15 1 3 1 1 1
15 1 3 1 2 1
15 1 3 2 1 1
15 1 3 2 2 1
15 1 3 3 1 1
15 1 3 3 2 1
15 1 4 1 1 1
15 1 4 1 2 1
15 1 4 2 1 1
15 1 4 2 2 1
15 1 4 3 1 1
15 1 4 3 2 1
15 2 1 1 1:2 1
15 2 1 2 1:2 1
15 2 1 3 1:2 1
15 2 2 1 1:2 1
15 2 2 2 1:2 1
15 2 2 3 1:2 1
15 2 3 1 1 1
15 2 3 1 2 1
15 2 3 2 1 1
15 2 3 2 2 1
15 2 3 3 1 1
15 2 3 3 2 1
15 2 4 1 1 1
15 2 4 1 2 1
15 2 4 2 1 1
15 2 4 2 2 1
15 2 4 3 1 1
15 2 4 3 2 1
15 3 1 1 1:2 1
15 3 1 2 1:2 1
15 3 1 3 1:2 1
15 3 2 1 1:2 1
15 3 2 2 1:2 1
15 3 2 3 1:2 1
15 3 3 1 1 1
15 3 3 1 2 1
15 3 3 2 1 1
15 3 3 2 2 1
15 3 3 3 1 1
15 3 3 3 2 1
15 3 4 1 1 1
15 3 4 1 2 1
15 3 4 2 1 1
15 3 4 2 2 1
15 3 4 3 1 1
15 3 4 3 2 1
15 4 1 1 1:2 1
15 4 1 2 1:2 1
15 4 1 3 1:2 1
15 4 2 1 1:2 1
15 4 2 2 1:2 1
15 4 2 3 1:2 1
15 4 3 1 1 1
15 4 3 1 2 1
15 4 3 2 1 1
15 4 3 2 2 1
15 4 3 3 1 1
15 4 3 3 2 1
15 4 4 1 1 1
15 4 4 1 2 1
15 4 4 2 1 1
15 4 4 2 2 1
15 4 4 3 1 1
15 4 4 3 2 1
15 5 1 1 1:2 1
15 5 1 2 1:2 1
15 5 1 3 1:2 1
15 5 2 1 1:2 1
15 5 2 2 1:2 1
15 5 2 3 1:2 1
15 5 3 1 1 1
15 5 3 1 2 1
15 5 3 2 1 1
15 5 3 2 2 1
15 5 3 3 1 1
15 5 3 3 2 1
15 5 4 1 1 1
15 5 4 1 2 1
15 5 4 2 1 1
15 5 4 2 2 1
15 5 4 3 1 1
15 5 4 3 2 1
16 1 1 1 1:2 1
16 1 1 2 1:2 1
16 1 1 3 1:2 1
16 1 2 1 1:2 1
16 1 2 2 1:2 1
16 1 2 3 1:2 1
16 1 3 1 1 1
16 1 3 1 2 1
16 1 3 2 1 1
16 1 3 2 2 1
16 1 3 3 1 1
16 1 3 3 2 1
16 1 4 1 1 1
16 1 4 1 2 1
16 1 4 2 1 1
16 1 4 2 2 1
16 1 4 3 1 1
16 1 4 3 2 1
16 2 1 1 1:2 1
16 2 1 2 1:2 1
16 2 1 3 1:2 1
16 2 2 1 1:2 1
16 2 2 2 1:2 1
16 2 2 3 1:2 1
16 2 3 1 1 1
16 2 3 1 2 1
16 2 3 2 1 1
16 2 3 2 2 1
16 2 3 3 1 1
16 2 3 3 2 1
16 2 4 1 1 1
16 2 4 1 2 1
16 2 4 2 1 1
16 2 4 2 2 1
16 2 4 3 1 1
16 2 4 3 2 1
16 3 1 1 1:2 1
16 3 1 2 1:2 1
16 3 1 3 1:2 1
16 3 2 1 1:2 1
16 3 2 2 1:2 1
16 3 2 3 1:2 1
16 3 3 1 1 1
16 3 3 1 2 1
16 3 3 2 1 1
16 3 3 2 2 1
16 3 3 3 1 1
16 3 3 3 2 1
16 3 4 1 1 1
16 3 4 1 2 1
