 3 2 2 1
20 1 4 3 1 1
20 1 4 3 2 1
22 1 2 3 1:2 1
22 1 3 1 1 1
22 1 3 1 2 1
22 1 3 2 1 1
22 1 3 2 2 1
22 1 3 3 1 1
22 1 3 3 2 1
22 1 4 1 1 1
22 1 4 2 1 1
22 1 4 2 2 1
22 1 4 3 1 1
22 1 4 3 2 1
22 2 1 1 1:2 1
22 2 1 2 1:2 1
22 2 1 3 1:2 1
22 2 2 1 1:2 1
22 2 2 2 1:2 1
22 2 2 3 1:2 1
22 2 3 1 1 1
22 2 3 1 2 1
22 2 3 2 1 1
22 2 3 2 2 1
22 2 3 3 1 1
22 2 3 3 2 1
22 3 4 2 1 1
22 3 4 3 1 1
22 3 4 3 2 1
22 4 1 1 1:2 1
22 4 1 2 1:2 1
22 4 1 3 1:2 1
22 4 2 1 1:2 1
22 4 2 2 1:2 1
22 4 2 3 1:2 1
23 4 3 1 1 1
23 4 3 1 2 1
23 4 3 2 1 1
23 4 3 2 2 1
23 4 3 3 1 1
23 4 3 3 2 1
23 4 4 1 1 1
23 4 4 1 2 1
23 5 3 1 1 1
23 5 3 1 2 1
24 3 4 2 2 1
23 5 3 2 1 1
23 