 4 2 1 1
26 3 4 2 2 1
26 3 4 3 1 1
26 3 4 3 2 1
26 4 1 1 1:2 1
26 4 1 2 1:2 1
26 4 1 3 1:2 1
26 4 2 1 1:2 1
26 4 2 2 1:2 1
26 4 2 3 1:2 1
26 4 3 1 1 1
26 4 3 1 2 1
26 4 3 2 1 1
26 4 3 2 2 1
26 4 3 3 1 1
26 4 3 3 2 1
26 4 4 1 1 1
26 4 4 1 2 1
26 4 4 2 1 1
26 4 4 2 2 1
26 4 4 3 1 1
26 4 4 3 2 1
26 5 1 1 1:2 1
26 5 1 2 1:2 1
26 5 1 3 1:2 1
26 5 2 1 1:2 1
26 5 2 2 1:2 1
26 5 2 3 1:2 1
26 5 3 1 1 1
26 5 3 1 2 1
26 5 3 2 1 1
26 5 3 2 2 1
26 5 3 3 1 1
26 5 3 3 2 1
26 5 4 1 1 1
26 5 4 1 2 1
26 5 4 2 1 1
26 5 4 2 2 1
26 5 4 3 1 1
26 5 4 3 2 1
27 1 1 1 1:2 1
27 1 1 2 1:2 1
27 1 1 3 1:2 1
27 1 2 1 1:2 1
27 1 2 2 1:2 1
27 1 2 3 1:2 1
27 1 3 1 1 1
27 1 3 1 2 1
27 1 3 2 1 1
27 1 3 2 2 1
27 1 3 3 1 1
27 1 3 3 2 1
27 1 4 1 1 1
27 1 4 1 2 1
27 1 4 2 1 1
27 1 4 2 2 1
27 1 4 3 1 1
27 1 4 3 2 1
27 2 1 1 1:2 1
27 2 1 2 1:2 1
27 2 1 3 1:2 1
27 2 2 1 1:2 1
27 2 2 2 1:2 1
27 2 2 3 1:2 1
27 2 3 1 1 1
27 2 3 1 2 1
27 2 3 2 1 1
27 2 3 2 2 1
27 2 3 3 1 1
27 2 3 3 2 1
27 2 4 1 1 1
27 2 4 1 2 1
27 2 4 2 1 1
27 2 4 2 2 1
27 2 4 3 1 1
27 2 4 3 2 1
27 3 1 1 1:2 1
27 3 1 2 1:2 1
27 3 1 3 1:2 1
27 3 2 1 1:2 1
27 3 2 2 1:2 1
27 3 2 3 1:2 1
27 3 3 1 1 1
27 3 3 1 2 1
27 3 3 2 1 1
27 3 3 2 2 1
27 3 3 3 1 1
27 3 3 3 2 1
27 3 4 1 1 1
27 3 4 1 2 1
27 3 4 2 1 1
27 3 4 2 2 1
27 3 4 3 1 1
27 3 4 3 2 1
27 4 1 1 1:2 1
27 4 1 2 1:2 1
27 4 1 3 1:2 1
27 4 2 1 1:2 1
27 4 2 2 1:2 1
27 4 2 3 1:2 1
