1 1 3 1 1 2
1 1 3 1 2 2
1 1 3 2 1 2
1 1 3 2 2 2
1 1 3 3 1 2
1 1 3 3 2 2
1 2 3 1 1 2
1 2 3 1 2 2
1 2 3 2 1 2
1 2 3 2 2 2
1 2 3 3 1 2
1 2 3 3 2 2
1 3 3 1 1 2
1 3 3 1 2 2
1 3 3 2 1 2
1 3 3 2 2 2
1 3 3 3 1 2
1 3 3 3 2 2
1 4 3 1 1 2
1 4 3 1 2 2
1 4 3 2 1 2
1 4 3 2 2 2
1 4 3 3 1 2
1 4 3 3 2 2
1 5 3 1 1 2
1 5 3 1 2 2
1 5 3 2 1 2
1 5 3 2 2 2
1 5 3 3 1 2
1 5 3 3 2 2
2 1 3 1 1 2
2 1 3 1 2 2
2 1 3 2 1 2
2 1 3 2 2 2
2 1 3 3 1 2
2 1 3 3 2 2
2 2 3 1 1 2
2 2 3 1 2 2
2 2 3 2 1 2
2 2 3 2 2 2
2 2 3 3 1 2
2 2 3 3 2 2
2 3 3 1 1 2
2 3 3 1 2 2
2 3 3 2 1 2
2 3 3 2 2 2
2 3 3 3 1 2
2 3 3 3 2 2
2 4 3 1 1 2
2 4 3 1 2 2
2 4 3 2 1 2
2 4 3 2 2 2
2 4 3 3 1 2
2 4 3 3 2 2
2 5 3 1 1 2
2 5 3 1 2 2
2 5 3 2 1 2
2 5 3 2 2 2
2 5 3 3 1 2
2 5 3 3 2 2
3 1 3 1 1 2
3 1 3 1 2 2
3 1 3 2 1 2
3 1 3 2 2 2
3 1 3 3 1 2
3 1 3 3 2 2
3 2 3 1 1 2
3 2 3 1 2 2
3 2 3 2 1 2
3 2 3 2 2 2
3 2 3 3 1 2
3 2 3 3 2 2
3 3 3 1 1 2
3 3 3 1 2 2
3 3 3 2 1 2
3 3 3 2 2 2
3 3 3 3 1 2
3 3 3 3 2 2
3 4 3 1 1 2
3 4 3 1 2 2
3 4 3 2 1 2
3 4 3 2 2 2
3 4 3 3 1 2
3 4 3 3 2 2
3 5 3 1 1 2
3 5 3 1 2 2
3 5 3 2 1 2
3 5 3 2 2 2
3 5 3 3 1 2
3 5 3 3 2 2
4 1 3 1 1 2
4 1 3 1 2 2
4 1 3 2 1 2
4 1 3 2 2 2
4 1 3 3 1 2
4 1 3 3 2 2
4 2 3 1 1 2
4 2 3 1 2 2
4 2 3 2 1 2
4 2 3 2 2 2
4 2 3 3 1 2
4 2 3 3 2 2
4 3 3 1 1 2
4 3 3 1 2 2
4 3 3 2 1 2
4 3 3 2 2 2
4 3 3 3 1 2
4 3 3 3 2 2
4 4 3 1 1 2
4 4 3 1 2 2
4 4 3 2 1 2
4 4 3 2 2 2
4 4 3 3 1 2
4 4 3 3 2 2
4 5 3 1 1 2
4 5 3 1 2 2
4 5 3 2 1 2
4 5 3 2 2 2
4 5 3 3 1 2
4 5 3 3 2 2
5 1 3 1 1 2
5 1 3 1 2 2
5 1 3 2 1 2
5 1 3 2 2 2
5 1 3 3 1 2
5 1 3 3 2 2
5 2 3 1 1 2
5 2 3 1 2 2
5 2 3 2 1 2
5 2 3 2 2 2
5 2 3 3 1 2
5 2 3 3 2 2
5 3 3 1 1 2
5 3 3 1 2 2
5 3 3 2 1 2
5 3 3 2 2 2
5 3 3 3 1 2
5 3 3 3 2 2
5 4 3 1 1 2
5 4 3 1 2 2
5 4 3 2 1 2
5 4 3 2 2 2
5 4 3 3 1 2
5 4 3 3 2 2
5 5 3 1 1 2
5 5 3 1 2 2
5 5 3 2 1 2
5 5 3 2 2 2
5 5 3 3 1 2
5 5 3 3 2 2
6 1 3 1 1 2
6 1 3 1 2 2
6 1 3 2 1 2
6 1 3 2 2 2
6 1 3 3 1 2
6 1 3 3 2 2
6 2 3 1 1 2
6 2 3 1 2 2
6 2 3 2 1 2
6 2 3 2 2 2
6 2 3 3 1 2
6 2 3 3 2 2
6 3 3 1 1 2
6 3 3 1 2 2
6 3 3 2 1 2
6 3 3 2 2 2
6 3 3 3 1 2
6 3 3 3 2 2
6 4 3 1 1 2
6 4 3 1 2 2
6 4 3 2 1 2
6 4 3 2 2 2
6 4 3 3 1 2
6 4 3 3 2 2
6 5 3 1 1 2
6 5 3 1 2 2
6 5 3 2 1 2
6 5 3 2 2 2
6 5 3 3 1 2
6 5 3 3 2 2
7 1 3 1 1 2
7 1 3 1 2 2
7 1 3 2 1 2
7 1 3 2 2 2
7 1 3 3 1 2
7 1 3 3 2 2
7 2 3 1 1 2
7 2 3 1 2 2
7 2 3 2 1 2
7 2 3 2 2 2
7 2 3 3 1 2
7 2 3 3 2 2
7 3 3 1 1 2
7 3 3 1 2 2
7 3 3 2 1 2
7 3 3 2 2 2
7 3 3 3 1 2
7 3 3 3 2 2
7 4 3 1 1 2
7 4 3 1 2 2
7 4 3 2 1 2
7 4 3 2 2 2
7 4 3 3 1 2
7 4 3 3 2 2
7 5 3 1 1 2
7 5 3 1 2 2
7 5 3 2 1 2
7 5 3 2 2 2
7 5 3 3 1 2
7 5 3 3 2 2
8 1 3 1 1 2
8 1 3 1 2 2
8 1 3 2 1 2
8 1 3 2 2 2
8 1 3 3 1 2
8 1 3 3 2 2
8 2 3 1 1 2
8 2 3 1 2 2
8 2 3 2 1 2
8 2 3 2 2 2
8 2 3 3 1 2
8 2 3 3 2 2
8 3 3 1 1 2
8 3 3 1 2 2
8 3 3 2 1 2
8 3 3 2 2 2
8 3 3 3 1 2
8 3 3 3 2 2
8 4 3 1 1 2
8 4 3 1 2 2
8 4 3 2 1 2
8 4 3 2 2 2
8 4 3 3 1 2
8 4 3 3 2 2
8 5 3 1 1 2
8 5 3 1 2 2
8 5 3 2 1 2
8 5 3 2 2 2
8 5 3 3 1 2
8 5 3 3 2 2
9 1 3 1 1 2
9 1 3 1 2 2
9 1 3 2 1 2
9 1 3 2 2 2
9 1 3 3 1 2
9 1 3 3 2 2
9 2 3 1 1 2
9 2 3 1 2 2
9 2 3 2 1 2
9 2 3 2 2 2
9 2 3 3 1 2
9 2 3 3 2 2
9 3 3 1 1 2
9 3 3 1 2 2
9 3 3 2 1 2
9 3 3 2 2 2
9 3 3 3 1 2
9 3 3 3 2 2
9 4 3 1 1 2
9 4 3 1 2 2
9 4 3 2 1 2
9 4 3 2 2 2
9 4 3 3 1 2
9 4 3 3 2 2
9 5 3 1 1 2
9 5 3 1 2 2
9 5 3 2 1 2
9 5 3 2 2 2
9 5 3 3 1 2
9 5 3 3 2 2
10 1 3 1 1 2
10 1 3 1 2 2
10 1 3 2 1 2
10 1 3 2 2 2
10 1 3 3 1 2
10 1 3 3 2 2
10 2 3 1 1 2
10 2 3 1 2 2
10 2 3 2 1 2
10 2 3 2 2 2
10 2 3 3 1 2
10 2 3 3 2 2
10 3 3 1 1 2
10 3 3 1 2 2
10 3 3 2 1 2
10 3 3 2 2 2
10 3 3 3 1 2
10 3 3 3 2 2
10 4 3 1 1 2
10 4 3 1 2 2
10 4 3 2 1 2
10 4 3 2 2 2
10 4 3 3 1 2
10 4 3 3 2 2
10 5 3 1 1 2
10 5 3 1 2 2
10 5 3 2 1 2
10 5 3 2 2 2
10 5 3 3 1 2
10 5 3 3 2 2
11 1 3 1 1 2
11 1 3 1 2 2
11 1 3 2 1 2
11 1 3 2 2 2
11 1 3 3 1 2
11 1 3 3 2 2
11 2 3 1 1 2
11 2 3 1 2 2
11 2 3 2 1 2
11 2 3 2 2 2
11 2 3 3 1 2
11 2 3 3 2 2
11 3 3 1 1 2
11 3 3 1 2 2
11 3 3 2 1 2
11 3 3 2 2 2
11 3 3 3 1 2
11 3 3 3 2 2
11 4 3 1 1 2
11 4 3 1 2 2
11 4 3 2 1 2
11 4 3 2 2 2
11 4 3 3 1 2
11 4 3 3 2 2
11 5 3 1 1 2
11 5 3 1 2 2
11 5 3 2 1 2
11 5 3 2 2 2
11 5 3 3 1 2
11 5 3 3 2 2
12 1 3 1 1 2
12 1 3 1 2 2
12 1 3 2 1 2
12 1 3 2 2 2
12 1 3 3 1 2
12 1 3 3 2 2
12 2 3 1 1 2
12 2 3 1 2 2
12 2 3 2 1 2
12 2 3 2 2 2
12 2 3 3 1 2
12 2 3 3 2 2
12 3 3 1 1 2
12 3 3 1 2 2
12 3 3 2 1 2
12 3 3 2 2 2
12 3 3 3 1 2
12 3 3 3 2 2
12 4 3 1 1 2
12 4 3 1 2 2
12 4 3 2 1 2
12 4 3 2 2 2
12 4 3 3 1 2
12 4 3 3 2 2
12 5 3 1 1 2
12 5 3 1 2 2
12 5 3 2 1 2
12 5 3 2 2 2
12 5 3 3 1 2
12 5 3 3 2 2
13 1 3 1 1 2
13 1 3 1 2 2
13 1 3 2 1 2
13 1 3 2 2 2
13 1 3 3 1 2
13 1 3 3 2 2
13 2 3 1 1 2
13 2 3 1 2 2
13 2 3 2 1 2
13 2 3 2 2 2
13 2 3 3 1 2
13 2 3 3 2 2
13 3 3 1 1 2
13 3 3 1 2 2
13 3 3 2 1 2
13 3 3 2 2 2
13 3 3 3 1 2
13 3 3 3 2 2
13 4 3 1 1 2
13 4 3 1 2 2
13 4 3 2 1 2
13 4 3 2 2 2
13 4 3 3 1 2
13 4 3 3 2 2
13 5 3 1 1 2
13 5 3 1 2 2
13 5 3 2 1 2
13 5 3 2 2 2
13 5 3 3 1 2
13 5 3 3 2 2
14 1 3 1 1 2
14 1 3 1 2 2
14 1 3 2 1 2
14 1 3 2 2 2
14 1 3 3 1 2
14 1 3 3 2 2
14 2 3 1 1 2
14 2 3 1 2 2
14 2 3 2 1 2
14 2 3 2 2 2
14 2 3 3 1 2
14 2 3 3 2 2
14 3 3 1 1 2
14 3 3 1 2 2
14 3 3 2 1 2
14 3 3 2 2 2
14 3 3 3 1 2
14 3 3 3 2 2
14 4 3 1 1 2
14 4 3 1 2 2
14 4 3 2 1 2
14 4 3 2 2 2
14 4 3 3 1 2
14 4 3 3 2 2
14 5 3 1 1 2
14 5 3 1 2 2
14 5 3 2 1 2
14 5 3 2 2 2
14 5 3 3 1 2
14 5 3 3 2 2
15 1 3 1 1 2
15 1 3 1 2 2
15 1 3 2 1 2
15 1 3 2 2 2
15 1 3 3 1 2
15 1 3 3 2 2
15 2 3 1 1 2
15 2 3 1 2 2
15 2 3 2 1 2
15 2 3 2 2 2
15 2 3 3 1 2
15 2 3 3 2 2
15 3 3 1 1 2
15 3 3 1 2 2
15 3 3 2 1 2
15 3 3 2 2 2
15 3 3 3 1 2
15 3 3 3 2 2
15 4 3 1 1 2
15 4 3 1 2 2
15 4 3 2 1 2
15 4 3 2 2 2
15 4 3 3 1 2
15 4 3 3 2 2
15 5 3 1 1 2
15 5 3 1 2 2
15 5 3 2 1 2
15 5 3 2 2 2
15 5 3 3 1 2
15 5 3 3 2 2
16 1 3 1 1 2
16 1 3 1 2 2
16 1 3 2 1 2
16 1 3 2 2 2
16 1 3 3 1 2
16 1 3 3 2 2
16 2 3 1 1 2
16 2 3 1 2 2
16 2 3 2 1 2
16 2 3 2 2 2
16 2 3 3 1 2
16 2 3 3 2 2
16 3 3 1 1 2
16 3 3 1 2 2
16 3 3 2 1 2
16 3 3 2 2 2
16 3 3 3 1 2
16 3 3 3 2 2
16 4 3 1 1 2
16 4 3 1 2 2
16 4 3 2 1 2
16 4 3 2 2 2
16 4 3 3 1 2
16 4 3 3 2 2
16 5 3 1 1 2
16 5 3 1 2 2
16 5 3 2 1 2
16 5 3 2 2 2
16 5 3 3 1 2
16 5 3 3 2 2
17 1 3 1 1 2
17 1 3 1 2 2
17 1 3 2 1 2
17 1 3 2 2 2
17 1 3 3 1 2
17 1 3 3 2 2
17 2 3 1 1 2
17 2 3 1 2 2
17 2 3 2 1 2
17 2 3 2 2 2
17 2 3 3 1 2
17 2 3 3 2 2
17 3 3 1 1 2
17 3 3 1 2 2
17 3 3 2 1 2
17 3 3 2 2 2
17 3 3 3 1 2
17 3 3 3 2 2
17 4 3 1 1 2
17 4 3 1 2 2
17 4 3 2 1 2
17 4 3 2 2 2
17 4 3 3 1 2
17 4 3 3 2 2
17 5 3 1 1 2
17 5 3 1 2 2
17 5 3 2 1 2
17 5 3 2 2 2
17 5 3 3 1 2
17 5 3 3 2 2
18 1 3 1 1 2
18 1 3 1 2 2
18 1 3 2 1 2
18 1 3 2 2 2
18 1 3 3 1 2
18 1 3 3 2 2
18 2 3 1 1 2
18 2 3 1 2 2
18 2 3 2 1 2
18 2 3 2 2 2
18 2 3 3 1 2
18 2 3 3 2 2
18 3 3 1 1 2
18 3 3 1 2 2
18 3 3 2 1 2
18 3 3 2 2 2
18 3 3 3 1 2
18 3 3 3 2 2
18 4 3 1 1 2
18 4 3 1 2 2
18 4 3 2 1 2
18 4 3 2 2 2
18 4 3 3 1 2
18 4 3 3 2 2
18 5 3 1 1 2
18 5 3 1 2 2
18 5 3 2 1 2
18 5 3 2 2 2
18 5 3 3 1 2
18 5 3 3 2 2
19 1 3 1 1 2
19 1 3 1 2 2
19 1 3 2 1 2
19 1 3 2 2 2
19 1 3 3 1 2
19 1 3 3 2 2
19 2 3 1 1 2
19 2 3 1 2 2
19 2 3 2 1 2
19 2 3 2 2 2
19 2 3 3 1 2
19 2 3 3 2 2
19 3 3 1 1 2
19 3 3 1 2 2
19 3 3 2 1 2
19 3 3 2 2 2
19 3 3 3 1 2
19 3 3 3 2 2
19 4 3 1 1 2
19 4 3 1 2 2
19 4 3 2 1 2
19 4 3 2 2 2
19 4 3 3 1 2
19 4 3 3 2 2
19 5 3 1 1 2
19 5 3 1 2 2
19 5 3 2 1 2
19 5 3 2 2 2
19 5 3 3 1 2
19 5 3 3 2 2
20 1 3 1 1 2
20 1 3 1 2 2
20 1 3 2 1 2
20 1 3 2 2 2
20 1 3 3 1 2
20 1 3 3 2 2
20 2 3 1 1 2
20 2 3 1 2 2
20 2 3 2 1 2
20 2 3 2 2 2
20 2 3 3 1 2
20 2 3 3 2 2
20 3 3 1 1 2
20 3 3 1 2 2
20 3 3 2 1 2
20 3 3 2 2 2
20 3 3 3 1 2
20 3 3 3 2 2
20 4 3 1 1 2
20 4 3 1 2 2
20 4 3 2 1 2
20 4 3 2 2 2
20 4 3 3 1 2
20 4 3 3 2 2
20 5 3 1 1 2
20 5 3 1 2 2
20 5 3 2 1 2
20 5 3 2 2 2
20 5 3 3 1 2
20 5 3 3 2 2
21 1 3 1 1 2
21 1 3 1 2 2
21 1 3 2 1 2
21 1 3 2 2 2
21 1 3 3 1 2
21 1 3 3 2 2
21 2 3 1 1 2
21 2 3 1 2 2
21 2 3 2 1 2
21 2 3 2 2 2
21 2 3 3 1 2
21 2 3 3 2 2
21 3 3 1 1 2
21 3 3 1 2 2
21 3 3 2 1 2
21 3 3 2 2 2
21 3 3 3 1 2
21 3 3 3 2 2
21 4 3 1 1 2
21 4 3 1 2 2
21 4 3 2 1 2
21 4 3 2 2 2
21 4 3 3 1 2
21 4 3 3 2 2
21 5 3 1 1 2
21 5 3 1 2 2
21 5 3 2 1 2
21 5 3 2 2 2
21 5 3 3 1 2
21 5 3 3 2 2
22 1 3 1 1 2
22 1 3 1 2 2
22 1 3 2 1 2
22 1 3 2 2 2
22 1 3 3 1 2
22 1 3 3 2 2
22 2 3 1 1 2
22 2 3 1 2 2
22 2 3 2 1 2
22 2 3 2 2 2
22 2 3 3 1 2
22 2 3 3 2 2
22 3 3 1 1 2
22 3 3 1 2 2
22 3 3 2 1 2
22 3 3 2 2 2
22 3 3 3 1 2
22 3 3 3 2 2
22 4 3 1 1 2
22 4 3 1 2 2
22 4 3 2 1 2
22 4 3 2 2 2
22 4 3 3 1 2
22 4 3 3 2 2
22 5 3 1 1 2
22 5 3 1 2 2
22 5 3 2 1 2
22 5 3 2 2 2
22 5 3 3 1 2
22 5 3 3 2 2
23 1 3 1 1 2
23 1 3 1 2 2
23 1 3 2 1 2
23 1 3 2 2 2
23 1 3 3 1 2
23 1 3 3 2 2
23 2 3 1 1 2
23 2 3 1 2 2
23 2 3 2 1 2
23 2 3 2 2 2
23 2 3 3 1 2
23 2 3 3 2 2
23 3 3 1 1 2
23 3 3 1 2 2
23 3 3 2 1 2
23 3 3 2 2 2
23 3 3 3 1 2
23 3 3 3 2 2
23 4 3 1 1 2
23 4 3 1 2 2
23 4 3 2 1 2
23 4 3 2 2 2
23 4 3 3 1 2
23 4 3 3 2 2
23 5 3 1 1 2
23 5 3 1 2 2
23 5 3 2 1 2
23 5 3 2 2 2
23 5 3 3 1 2
23 5 3 3 2 2
24 1 3 1 1 2
24 1 3 1 2 2
24 1 3 2 1 2
24 1 3 2 2 2
24 1 3 3 1 2
24 1 3 3 2 2
24 2 3 1 1 2
24 2 3 1 2 2
24 2 3 2 1 2
24 2 3 2 2 2
24 2 3 3 1 2
24 2 3 3 2 2
24 3 3 1 1 2
24 3 3 1 2 2
24 3 3 2 1 2
24 3 3 2 2 2
24 3 3 3 1 2
24 3 3 3 2 2
24 4 3 1 1 2
24 4 3 1 2 2
24 4 3 2 1 2
24 4 3 2 2 2
24 4 3 3 1 2
24 4 3 3 2 2
24 5 3 1 1 2
24 5 3 1 2 2
24 5 3 2 1 2
24 5 3 2 2 2
24 5 3 3 1 2
24 5 3 3 2 2
25 1 3 1 1 2
25 1 3 1 2 2
25 1 3 2 1 2
25 1 3 2 2 2
25 1 3 3 1 2
25 1 3 3 2 2
25 2 3 1 1 2
25 2 3 1 2 2
25 2 3 2 1 2
25 2 3 2 2 2
25 2 3 3 1 2
25 2 3 3 2 2
25 3 3 1 1 2
25 3 3 1 2 2
25 3 3 2 1 2
25 3 3 2 2 2
25 3 3 3 1 2
25 3 3 3 2 2
25 4 3 1 1 2
25 4 3 1 2 2
25 4 3 2 1 2
25 4 3 2 2 2
25 4 3 3 1 2
25 4 3 3 2 2
25 5 3 1 1 2
25 5 3 1 2 2
25 5 3 2 1 2
25 5 3 2 2 2
25 5 3 3 1 2
25 5 3 3 2 2
26 1 3 1 1 2
26 1 3 1 2 2
26 1 3 2 1 2
26 1 3 2 2 2
26 1 3 3 1 2
26 1 3 3 2 2
26 2 3 1 1 2
26 2 3 1 2 2
26 2 3 2 1 2
26 2 3 2 2 2
26 2 3 3 1 2
26 2 3 3 2 2
26 3 3 1 1 2
26 3 3 1 2 2
26 3 3 2 1 2
26 3 3 2 2 2
26 3 3 3 1 2
26 3 3 3 2 2
26 4 3 1 1 2
26 4 3 1 2 2
26 4 3 2 1 2
26 4 3 2 2 2
26 4 3 3 1 2
26 4 3 3 2 2
26 5 3 1 1 2
26 5 3 1 2 2
26 5 3 2 1 2
26 5 3 2 2 2
26 5 3 3 1 2
26 5 3 3 2 2
27 1 3 1 1 2
27 1 3 1 2 2
27 1 3 2 1 2
27 1 3 2 2 2
27 1 3 3 1 2
27 1 3 3 2 2
27 2 3 1 1 2
27 2 3 1 2 2
27 2 3 2 1 2
27 2 3 2 2 2
27 2 3 3 1 2
27 2 3 3 2 2
27 3 3 1 1 2
27 3 3 1 2 2
27 3 3 2 1 2
27 3 3 2 2 2
27 3 3 3 1 2
27 3 3 3 2 2
27 4 3 1 1 2
27 4 3 1 2 2
27 4 3 2 1 2
27 4 3 2 2 2
27 4 3 3 1 2
27 4 3 3 2 2
27 5 3 1 1 2
27 5 3 1 2 2
27 5 3 2 1 2
27 5 3 2 2 2
27 5 3 3 1 2
27 5 3 3 2 2
28 1 3 1 1 2
28 1 3 1 2 2
28 1 3 2 1 2
28 1 3 2 2 2
28 1 3 3 1 2
28 1 3 3 2 2
28 2 3 1 1 2
28 2 3 1 2 2
28 2 3 2 1 2
28 2 3 2 2 2
28 2 3 3 1 2
28 2 3 3 2 2
28 3 3 1 1 2
28 3 3 1 2 2
28 3 3 2 1 2
28 3 3 2 2 2
28 3 3 3 1 2
28 3 3 3 2 2
28 4 3 1 1 2
28 4 3 1 2 2
28 4 3 2 1 2
28 4 3 2 2 2
28 4 3 3 1 2
28 4 3 3 2 2
28 5 3 1 1 2
28 5 3 1 2 2
28 5 3 2 1 2
28 5 3 2 2 2
28 5 3 3 1 2
28 5 3 3 2 2
29 1 3 1 1 2
29 1 3 1 2 2
29 1 3 2 1 2
29 1 3 2 2 2
29 1 3 3 1 2
29 1 3 3 2 2
29 2 3 1 1 2
29 2 3 1 2 2
29 2 3 2 1 2
29 2 3 2 2 2
29 2 3 3 1 2
29 2 3 3 2 2
29 3 3 1 1 2
29 3 3 1 2 2
29 3 3 2 1 2
29 3 3 2 2 2
29 3 3 3 1 2
29 3 3 3 2 2
29 4 3 1 1 2
29 4 3 1 2 2
29 4 3 2 1 2
29 4 3 2 2 2
29 4 3 3 1 2
29 4 3 3 2 2
29 5 3 1 1 2
29 5 3 1 2 2
29 5 3 2 1 2
29 5 3 2 2 2
29 5 3 3 1 2
29 5 3 3 2 2
30 1 3 1 1 2
30 1 3 1 2 2
30 1 3 2 1 2
30 1 3 2 2 2
30 1 3 3 1 2
30 1 3 3 2 2
30 2 3 1 1 2
30 2 3 1 2 2
30 2 3 2 1 2
30 2 3 2 2 2
30 2 3 3 1 2
30 2 3 3 2 2
30 3 3 1 1 2
30 3 3 1 2 2
30 3 3 2 1 2
30 3 3 2 2 2
30 3 3 3 1 2
30 3 3 3 2 2
30 4 3 1 1 2
30 4 3 1 2 2
30 4 3 2 1 2
30 4 3 2 2 2
30 4 3 3 1 2
30 4 3 3 2 2
30 5 3 1 1 2
30 5 3 1 2 2
30 5 3 2 1 2
30 5 3 2 2 2
30 5 3 3 1 2
30 5 3 3 2 2
31 1 3 1 1 2
31 1 3 1 2 2
31 1 3 2 1 2
31 1 3 2 2 2
31 1 3 3 1 2
31 1 3 3 2 2
31 2 3 1 1 2
31 2 3 1 2 2
31 2 3 2 1 2
31 2 3 2 2 2
31 2 3 3 1 2
31 2 3 3 2 2
31 3 3 1 1 2
31 3 3 1 2 2
31 3 3 2 1 2
31 3 3 2 2 2
31 3 3 3 1 2
31 3 3 3 2 2
31 4 3 1 1 2
31 4 3 1 2 2
31 4 3 2 1 2
31 4 3 2 2 2
31 4 3 3 1 2
31 4 3 3 2 2
31 5 3 1 1 2
31 5 3 1 2 2
31 5 3 2 1 2
31 5 3 2 2 2
31 5 3 3 1 2
31 5 3 3 2 2
32 1 3 1 1 2
32 1 3 1 2 2
32 1 3 2 1 2
32 1 3 2 2 2
32 1 3 3 1 2
32 1 3 3 2 2
32 2 3 1 1 2
32 2 3 1 2 2
32 2 3 2 1 2
32 2 3 2 2 2
32 2 3 3 1 2
32 2 3 3 2 2
32 3 3 1 1 2
32 3 3 1 2 2
32 3 3 2 1 2
32 3 3 2 2 2
32 3 3 3 1 2
32 3 3 3 2 2
32 4 3 1 1 2
32 4 3 1 2 2
32 4 3 2 1 2
32 4 3 2 2 2
32 4 3 3 1 2
32 4 3 3 2 2
32 5 3 1 1 2
32 5 3 1 2 2
32 5 3 2 1 2
32 5 3 2 2 2
32 5 3 3 1 2
32 5 3 3 2 2
33 1 3 1 1 2
33 1 3 1 2 2
33 1 3 2 1 2
33 1 3 2 2 2
33 1 3 3 1 2
33 1 3 3 2 2
33 2 3 1 1 2
33 2 3 1 2 2
33 2 3 2 1 2
33 2 3 2 2 2
33 2 3 3 1 2
33 2 3 3 2 2
33 3 3 1 1 2
33 3 3 1 2 2
33 3 3 2 1 2
33 3 3 2 2 2
33 3 3 3 1 2
33 3 3 3 2 2
33 4 3 1 1 2
33 4 3 1 2 2
33 4 3 2 1 2
33 4 3 2 2 2
33 4 3 3 1 2
33 4 3 3 2 2
33 5 3 1 1 2
33 5 3 1 2 2
33 5 3 2 1 2
33 5 3 2 2 2
33 5 3 3 1 2
33 5 3 3 2 2
34 1 3 1 1 2
34 1 3 1 2 2
34 1 3 2 1 2
34 1 3 2 2 2
34 1 3 3 1 2
34 1 3 3 2 2
34 2 3 1 1 2
34 2 3 1 2 2
34 2 3 2 1 2
34 2 3 2 2 2
34 2 3 3 1 2
34 2 3 3 2 2
34 3 3 1 1 2
34 3 3 1 2 2
34 3 3 2 1 2
34 3 3 2 2 2
34 3 3 3 1 2
34 3 3 3 2 2
34 4 3 1 1 2
34 4 3 1 2 2
34 4 3 2 1 2
34 4 3 2 2 2
34 4 3 3 1 2
34 4 3 3 2 2
34 5 3 1 1 2
34 5 3 1 2 2
34 5 3 2 1 2
34 5 3 2 2 2
34 5 3 3 1 2
34 5 3 3 2 2
35 1 3 1 1 2
35 1 3 1 2 2
35 1 3 2 1 2
35 1 3 2 2 2
35 1 3 3 1 2
35 1 3 3 2 2
35 2 3 1 1 2
35 2 3 1 2 2
35 2 3 2 1 2
35 2 3 2 2 2
35 2 3 3 1 2
35 2 3 3 2 2
35 3 3 1 1 2
35 3 3 1 2 2
35 3 3 2 1 2
35 3 3 2 2 2
35 3 3 3 1 2
35 3 3 3 2 2
35 4 3 1 1 2
35 4 3 1 2 2
35 4 3 2 1 2
35 4 3 2 2 2
35 4 3 3 1 2
35 4 3 3 2 2
35 5 3 1 1 2
35 5 3 1 2 2
35 5 3 2 1 2
35 5 3 2 2 2
35 5 3 3 1 2
35 5 3 3 2 2
36 1 3 1 1 2
36 1 3 1 2 2
36 1 3 2 1 2
36 1 3 2 2 2
36 1 3 3 1 2
36 1 3 3 2 2
36 2 3 1 1 2
36 2 3 1 2 2
36 2 3 2 1 2
36 2 3 2 2 2
36 2 3 3 1 2
36 2 3 3 2 2
36 3 3 1 1 2
36 3 3 1 2 2
36 3 3 2 1 2
36 3 3 2 2 2
36 3 3 3 1 2
36 3 3 3 2 2
36 4 3 1 1 2
36 4 3 1 2 2
36 4 3 2 1 2
36 4 3 2 2 2
36 4 3 3 1 2
36 4 3 3 2 2
36 5 3 1 1 2
36 5 3 1 2 2
36 5 3 2 1 2
36 5 3 2 2 2
36 5 3 3 1 2
36 5 3 3 2 2
37 1 3 1 1 2
37 1 3 1 2 2
37 1 3 2 1 2
37 1 3 2 2 2
37 1 3 3 1 2
37 1 3 3 2 2
37 2 3 1 1 2
37 2 3 1 2 2
37 2 3 2 1 2
37 2 3 2 2 2
37 2 3 3 1 2
37 2 3 3 2 2
37 3 3 1 1 2
37 3 3 1 2 2
37 3 3 2 1 2
37 3 3 2 2 2
37 3 3 3 1 2
37 3 3 3 2 2
37 4 3 1 1 2
37 4 3 1 2 2
37 4 3 2 1 2
37 4 3 2 2 2
37 4 3 3 1 2
37 4 3 3 2 2
37 5 3 1 1 2
37 5 3 1 2 2
37 5 3 2 1 2
37 5 3 2 2 2
37 5 3 3 1 2
37 5 3 3 2 2
38 1 3 1 1 2
38 1 3 1 2 2
38 1 3 2 1 2
38 1 3 2 2 2
38 1 3 3 1 2
38 1 3 3 2 2
38 2 3 1 1 2
38 2 3 1 2 2
38 2 3 2 1 2
38 2 3 2 2 2
38 2 3 3 1 2
38 2 3 3 2 2
38 3 3 1 1 2
38 3 3 1 2 2
38 3 3 2 1 2
38 3 3 2 2 2
38 3 3 3 1 2
38 3 3 3 2 2
38 4 3 1 1 2
38 4 3 1 2 2
38 4 3 2 1 2
38 4 3 2 2 2
38 4 3 3 1 2
38 4 3 3 2 2
38 5 3 1 1 2
38 5 3 1 2 2
38 5 3 2 1 2
38 5 3 2 2 2
38 5 3 3 1 2
38 5 3 3 2 2
