29 5 3 2 1 1
29 5 3 2 2 1
29 5 3 3 1 1
29 5 3 3 2 1
29 5 4 1 1 1
29 5 4 1 2 1
29 5 4 2 1 1
29 5 4 2 2 1
29 5 4 3 1 1
29 5 4 3 2 1
30 1 1 1 1:2 1
30 1 1 2 1:2 1
30 1 1 3 1:2 1
30 1 2 1 1:2 1
30 1 2 2 1:2 1
30 1 2 3 1:2 1
30 1 3 1 1 1
30 1 3 1 2 1
30 1 3 2 1 1
30 1 3 2 2 1
30 1 3 3 1 1
30 1 3 3 2 1
30 1 4 1 1 1
30 1 4 1 2 1
30 1 4 2 1 1
30 1 4 2 2 1
30 1 4 3 1 1
30 1 4 3 2 1
30 2 1 1 1:2 1
30 2 1 2 1:2 1
30 2 1 3 1:2 1
30 2 2 1 1:2 1
30 2 2 2 1:2 1
30 2 2 3 1:2 1
30 2 3 1 1 1
30 2 3 1 2 1
30 2 3 2 1 1
30 2 3 2 2 1
30 2 3 3 1 1
30 2 3 3 2 1
30 2 4 1 1 1
30 2 4 1 2 1
30 2 4 2 1 1
30 2 4 2 2 1
30 2 4 3 1 1
30 2 4 3 2 1
30 3 1 1 1:2 1
30 3 1 2 1:2 1
30 3 1 3 1:2 1
30 3 2 1 1:2 1
30 3 2 2 1:2 1
30 3 2 3 1:2 1
30 3 3 1 1 1
30 3 3 1 2 1
30 3 3 2 1 1
30 3 3 2 2 1
30 3 3 3 1 1
30 3 3 3 2 1
30 3 4 1 1 1
30 3 4 1 2 1
30 3 4 2 1 1
30 3 4 2 2 1
30 3 4 3 1 1
30 3 4 3 2 1
30 4 1 1 1:2 1
30 4 1 2 1:2 1
30 4 1 3 1:2 1
30 4 2 1 1:2 1
30 4 2 2 1:2 1
30 4 2 3 1:2 1
30 4 3 1 1 1
30 4 3 1 2 1
30 4 3 2 1 1
30 4 3 2 2 1
30 4 3 3 1 1
30 4 3 3 2 1
30 4 4 1 1 1
30 4 4 1 2 1
30 4 4 2 1 1
30 4 4 2 2 1
30 4 4 3 1 1
30 4 4 3 2 1
30 5 1 1 1:2 1
30 5 1 2 1:2 1
30 5 1 3 1:2 1
30 5 2 1 1:2 1
30 5 2 2 1:2 1
30 5 2 3 1:2 1
30 5 3 1 1 1
30 5 3 1 2 1
30 5 3 2 1 1
30 5 3 2 2 1
30 5 3 3 1 1
30 5 3 3 2 1
30 5 4 1 1 1
30 5 4 1 2 1
30 5 4 2 1 1
30 5 4 2 2 1
30 5 4 3 1 1
30 5 4 3 2 1
31 1 1