1 4 4 3 1 1
7 4 4 3 1 1
13 4 4 3 1 1
26 4 4 3 1 1
29 4 4 3 1 1
30 4 4 3 1 1
31 4 4 3 1 1
34 4 4 3 1 1
33 3 4 3 1 1
19 3 4 3 1 1
33 3 4 3 1 1
35 3 4 3 1 1
16 2 4 3 1 1
35 2 4 3 1 1
2 2 4 3 1 1
5 2 4 3 1 1
6 2 4 3 1 1
8 2 4 3 1 1
9 2 4 3 1 1
10 2 4 3 1 1
16 2 4 3 1 1
26 2 4 3 1 1
27 2 4 3 1 1
28 2 4 3 1 1
29 2 4 3 1 1
30 2 4 3 1 1
35 2 4 3 1 1
38 2 4 3 1 1
9 2 4 3 1 1
10 2 4 3 1 1
16 2 4 3 1 1
27 2 4 3 1 1
28 2 4 3 1 1
29 2 4 3 1 1
30 2 4 3 1 1
35 2 4 3 1 1
2 2 4 3 1 1
5 2 4 3 1 1
6 2 4 3 1 1
8 2 4 3 1 1
9 2 4 3 1 1
10 2 4 3 1 1
16 2 4 3 1 1
26 2 4 3 1 1
27 2 4 3 1 1
28 2 4 3 1 1
29 2 4 3 1 1
30 2 4 3 1 1
35 2 4 3 1 1
38 2 4 3 1 1
2 2 4 3 1 1
5 2 4 3 1 1
6 2 4 3 1 1
8 2 4 3 1 1
9 2 4 3 1 1
10 2 4 3 1 1
16 2 4 3 1 1
26 2 4 3 1 1
27 2 4 3 1 1
28 2 4 3 1 1
29 2 4 3 1 1
30 2 4 3 1 1
35 2 4 3 1 1
38 2 4 3 1 1
12 2 4 3 1 1
15 2 4 3 1 1
12 2 4 3 1 1
15 2 4 3 1 1
12 2 4 3 1 1
15 2 4 3 1 1
36 2 4 3 1 1
1 2 4 3 1 1
7 2 4 3 1 1
13 2 4 3 1 1
14 2 4 3 1 1
17 2 4 3 1 1
18 2 4 3 1 1
36 2 4 3 1 1
1 2 4 3 1 1
13 2 4 3 1 1
14 2 4 3 1 1
17 2 4 3 1 1
18 2 4 3 1 1
36 2 4 3 1 1
1 2 4 3 1 1
7 2 4 3 1 1
13 2 4 3 1 1
14 2 4 3 1 1
17 2 4 3 1 1
18 2 4 3 1 1
31 2 4 3 1 1
36 2 4 3 1 1
1 2 4 3 1 1
7 2 4 3 1 1
13 2 4 3 1 1
14 2 4 3 1 1
17 2 4 3 1 1
18 2 4 3 1 1
31 2 4 3 1 1
36 2 4 3 1 1
16 1 4 3 1 1
2 1 4 3 1 1
4 1 4 3 1 1
5 1 4 3 1 1
7 1 4 3 1 1
8 1 4 3 1 1
9 1 4 3 1 1
11 1 4 3 1 1
13 1 4 3 1 1
14 1 4 3 1 1
15 1 4 3 1 1
16 1 4 3 1 1
17 1 4 3 1 1
18 1 4 3 1 1
26 1 4 3 1 1
28 1 4 3 1 1
29 1 4 3 1 1
30 1 4 3 1 1
33 1 4 3 1 1
34 1 4 3 1 1
38 1 4 3 1 1
5 1 4 3 1 1
9 1 4 3 1 1
13 1 4 3 1 1
15 1 4 3 1 1
16 1 4 3 1 1
17 1 4 3 1 1
28 1 4 3 1 1
29 1 4 3 1 1
33 1 4 3 1 1
2 1 4 3 1 1
4 1 4 3 1 1
5 1 4 3 1 1
7 1 4 3 1 1
8 1 4 3 1 1
9 1 4 3 1 1
11 1 4 3 1 1
13 1 4 3 1 1
14 1 4 3 1 1
15 1 4 3 1 1
16 1 4 3 1 1
17 1 4 3 1 1
18 1 4 3 1 1
26 1 4 3 1 1
28 1 4 3 1 1
29 1 4 3 1 1
30 1 4 3 1 1
33 1 4 3 1 1
34 1 4 3 1 1
38 1 4 3 1 1
2 1 4 3 1 1
4 1 4 3 1 1
5 1 4 3 1 1
7 1 4 3 1 1
8 1 4 3 1 1
9 1 4 3 1 1
11 1 4 3 1 1
13 1 4 3 1 1
14 1 4 3 1 1
15 1 4 3 1 1
16 1 4 3 1 1
17 1 4 3 1 1
18 1 4 3 1 1
26 1 4 3 1 1
28 1 4 3 1 1
29 1 4 3 1 1
30 1 4 3 1 1
33 1 4 3 1 1
34 1 4 3 1 1
38 1 4 3 1 1
27 1 4 3 1 1
10 1 4 3 1 1
27 1 4 3 1 1
1 1 4 3 1 1
31 1 4 3 1 1
36 1 4 3 1 1
1 1 4 3 1 1
36 1 4 3 1 1
1 1 4 3 1 1
31 1 4 3 1 1
36 1 4 3 1 1
1 1 4 3 1 1
31 1 4 3 1 1
36 1 4 3 1 1
6 3 3 3 2 1
10 3 3 3 2 1
13 3 3 3 2 1
18 3 3 3 2 1
26 3 3 3 2 1
28 3 3 3 2 1
30 3 3 3 2 1
10 3 3 3 2 1
18 3 3 3 2 1
28 3 3 3 2 1
30 3 3 3 2 1
