 3 1 1
28 4 4 3 2 1
28 5 1 1 1:2 1
28 5 1 2 1:2 1
28 5 1 3 1:2 1
28 5 2 1 1:2 1
28 5 2 2 1:2 1
28 5 2 3 1:2 1
28 5 3 1 1 1
28 5 3 1 2 1
28 5 3 2 1 1
28 5 3 2 2 1
28 5 3 3 1 1
28 5 3 3 2 1
28 5 4 1 1 1
28 5 4 1 2 1
28 5 4 2 1 1
28 5 4 2 2 1
28 5 4 3 1 1
28 5 4 3 2 1
29 1 1 1 1:2 1
29 1 1 2 1:2 1
29 1 1 3 1:2 1
29 1 2 1 1:2 1
29 1 2 2 1:2 1
29 1 2 3 1:2 1
29 1 3 1 1 1
29 1 3 1 2 1
29 1 3 2 1 1
29 1 3 2 2 1
29 1 3 3 1 1
29 1 3 3 2 1
29 1 4 1 1 1
29 1 4 1 2 1
29 1 4 2 1 1
29 1 4 2 2 1
29 1 4 3 1 1
29 1 4 3 2 1
29 2 1 1 1:2 1
29 2 1 2 1:2 1
29 2 1 3 1:2 1
29 2 2 1 1:2 1
29 2 2 2 1:2 1
29 2 2 3 1:2 1
29 2 3 1 1 1
29 2 3 1 2 1
29 2 3 2 1 1
29 2 3 2 2 1
29 2 3 3 1 1
29 2 3 3 2 1
29 2 4 1 1 1
29 2 4 1 2 1
29 2 4 2 1 1
29 2 4 2 2 1
29 2 4 3 1 1
29 2 4 3 2 1
29 3 1 1 1:2 1
29 3 1 2 1:2 1
29 3 1 3 1:2 1
29 3 2 1 1:2 1
29 3 2 2 1:2 1
29 3 2 3 1:2 1
29 3 3 1 1 1
29 3 3 1 2 1
29 3 3 2 1 1
29 3 3 2 2 1
29 3 3 3 1 1
29 3 3 3 2 1
29 3 4 1 1 1
29 3 4 1 2 1
29 3 4 2 1 1
29 3 4 2 2 1
29 3 4 3 1 1
29 3 4 3 2 1
29 4 1 1 1:2 1
29 4 1 2 1:2 1
29 4 1 3 1:2 1
29 4 2 1 1:2 1
29 4 2 2 1:2 1
29 4 2 3 1:2 1
29 4 3 1 1 1
29 4 3 1 2 1
29 4 3 2 1 1
29 4 3 2 2 1
29 4 3 3 1 1
29 4 3 3 2 1
29 4 4 1 1 1
29 4 4 1 2 1
29 4 4 2 1 1
29 4 4 2 2 1
29 4 4 3 1 1
29 4 4 3 2 1
29 5 1 1 1:2 1
29 5 1 2 1:2 1
29 5 1 3 1:2 1
29 5 2 1 1:2 1
29 5 2 2 1:2 1
29 5 2 3 1:2 1
29 5 3 1 1 1
29 5 3 1 2 1
