 4 3 3 1 2
7 4 3 3 2 2
7 5 3 1 1 2
7 5 3 1 2 2
7 5 3 2 1 2
7 5 3 2 2 2
7 5 3 3 1 2
7 5 3 3 2 2
8 1 3 1 1 2
8 1 3 1 2 2
8 1 3 2 1 2
8 1 3 2 2 2
8 1 3 3 1 2
8 1 3 3 2 2
8 2 3 1 1 2
8 2 3 1 2 2
8 2 3 2 1 2
8 2 3 2 2 2
8 2 3 3 1 2
8 2 3 3 2 2
8 3 3 1 1 2
8 3 3 1 2 2
8 3 3 2 1 2
8 3 3 2 2 2
8 3 3 3 1 2
8 3 3 3 2 2
8 4 3 1 1 2
8 4 3 1 2 2
8 4 3 2 1 2
8 4 3 2 2 2
8 4 3 3 1 2
8 4 3 3 2 2
8 5 3 1 1 2
8 5 3 1 2 2
8 5 3 2 1 2
8 5 3 2 2 2
8 5 3 3 1 2
8 5 3 3 2 2
9 1 3 1 1 2
9 1 3 1 2 2
9 1 3 2 1 2
9 1 3 2 2 2
9 1 3 3 1 2
9 1 3 3 2 2
9 2 3 1 1 2
9 2 3 1 2 2
9 2 3 2 1 2
9 2 3 2 2 2
9 2 3 3 1 2
9 2 3 3 2 2
9 3 3 1 1 2
9 3 3 1 2 2
9 3 3 2 1 2
9 3 3 2 2 2
9 3 3 3 1 2
9 3 3 3 2 2
9 4 3 1 1 2
9 4 3 1 2 2
9 4 3 2 1 2
9 4 3 2 2 2
9 4 3 3 1 2
9 4 3 3 2 2
9 5 3 1 1 2
9 5 3 1 2 2
9 5 3 2 1 2
9 5 3 2 2 2
9 5 3 3 1 2
9 5 3 3 2 2
10 1 3 1 1 2
10 1 3 1 2 2
10 1 3 2 1 2
10 1 3 2 2 2
10 1 3 3 1 2
10 1 3 3 2 2
10 2 3 1 1 2
10 2 3 1 2 2
10 2 3 2 1 2
10 2 3 2 2 2
10 2 3 3 1 2
10 2 3 3 2 2
10 3 3 1 1 2
10 3 3 1 2 2
10 3 3 2 1 2
10 3 3 2 2 2
10 3 3 3 1 2
10 3 3 3 2 2
10 4 3 1 1 2
10 4 3 1 2 2
10 4 3 2 1 2
10 4 3 2 2 2
10 4 3 3 1 2
10 4 3 3 2 2
10 5 3 1 1 2
10 5 3 1 2 2
10 5 3 2 1 2
10 5 3 2 2 2
10 5 3 3 1 2
10 5 3 3 2 2
11 1 3 1 1 2
11 1 3 1 2 2
11 1 3 2 1 2
11 1 3 2 2 2
11 1 3 3 1 2
11 1 3 3 2 2
11 2 3 1 1 2
11 2 3 1 2 2
11 2 3 2 1 2
11 2 3 2 2 2
11 2 3 3 1 2
11 2 3 3 2 2
11 3 3 1 1 2
11 3 3 1 2 2
11 3 3 2 1 2
11 3 3 2 2 2
11 3 3 3 1 2
11 3 3 3 2 2
11 4 3 1 1 2
11 4 3 1 2 2
11 4 3 2 1 2
11 4 3 2 2 2
11 4 3 3 1 2
11 4 3 3 2 2
11 5 3 1 1 2
11 5 3 1 2 2
11 5 3 2 1 2
11 5 3 2 2 2
11 5 3 3 1 2
11 5 3 3 2 2
12 1 3 1 1 2
12 1 3 1 2 2
12 1 3 2 1 2
12 1 3 2 2 2
12 1 3 3 1 2
12 1 3 3 2 2
12 2 3 1 1 2
12 2 3 1 2 2
12 2 3 2 1 2
12 2 3 2 2 2
12 2 3 3 1 2
12 2 3 3 2 2
12 3 3 1 1 2
12 3 3 1 2 2
12 3 3 2 1 2
12 3 3 2 2 2
12 3 3 3 1 2
12 3 3 3 2 2
12 4 3 1 1 2
12 4 3 1 2 2
12 4 3 2 1 2
12 4 3 2 2 2
12 4 3 3 1 2
12 4 3 3 2 2
12 5 3 1 1 2
12 5 3 1 2 2
12 5 3 2 1 2
12 5 3 2 2 2
12 5 3 3 1 2
12 5 3 3 2 2
13 1 3 1 1 2
13 1 3 1 2 2
13 1 3 2 1 2
13 1 3 2 2 2
13 1 3 3 1 2
13 1 3 3 2 2
13 2 3 1 1 2
13 2 3 1 2 2
13 2 3 2 1 2
13 2 3 2 2 2
13 2 3 3 1 2
13 2 3 3 2 2
13 3 3 1 1 2
13 3 3 1 2 2
13 3 3 2 1 2
13 3 3 2 2 2
13 3 3 3 1 2
13 3 3 3 2 2
13 4 3 1 1 2
13 4 3 1 2 2
13 4 3 2 1 2
13 4 3 2 2 2
13 4 3 3 1 2
13 4 3 3 2 2
13 5 3 1 1 2
13 5 3 1 2 2
13 5 3 2 1 2
13 5 3 2 2 2
13 5 3 3 1 2
13 5 3 3 2 2
14 1 3 1 1 2
14 1 3 1 2 2
14 1 3 2 1 2
14 1 3 2 2 