 1 1 1
8 4 4 1 2 1
8 4 4 2 1 1
8 4 4 2 2 1
8 4 4 3 1 1
8 4 4 3 2 1
8 5 1 1 12 1
8 5 1 2 12 1
8 5 1 3 12 1
8 5 2 1 12 1
8 5 2 2 12 1
8 5 2 3 12 1
8 5 3 1 1 1
8 5 3 1 2 1
8 5 3 2 1 1
8 5 3 2 2 1
8 5 3 3 1 1
8 5 3 3 2 1
8 5 4 1 1 1
8 5 4 1 2 1
8 5 4 2 1 1
8 5 4 2 2 1
8 5 4 3 1 1
8 5 4 3 2 1
9 1 1 1 12 1
9 1 1 2 12 1
9 1 1 3 12 1
9 1 2 1 12 1
9 1 2 2 12 1
9 1 2 3 12 1
9 1 3 1 1 1
9 1 3 1 2 1
9 1 3 2 1 1
9 1 3 3 1 1
9 1 3 3 2 1
9 1 4 1 1 1
9 1 4 1 2 1
9 1 4 2 2 1
9 1 4 3 1 1
9 1 4 3 2 1
9 2 1 1 12 1
9 2 1 2 12 1
9 2 1 3 12 1
9 2 2 1 12 1
9 2 2 2 12 1
9 2 2 3 12 1
9 2 3 1 1 1
9 2 3 1 2 1
9 2 3 2 1 1
9 2 3 2 2 1
12 1 2 2 12 1
12 1 2 3 