2 3 4 3 2 1
3 3 4 3 2 1
6 3 4 3 2 1
9 3 4 3 2 1
10 3 4 3 2 1
12 3 4 3 2 1
13 3 4 3 2 1
17 3 4 3 2 1
25 3 4 3 2 1
27 3 4 3 2 1
28 3 4 3 2 1
29 3 4 3 2 1
2 3 4 3 2 1
3 3 4 3 2 1
10 3 4 3 2 1
12 3 4 3 2 1
17 3 4 3 2 1
25 3 4 3 2 1
28 3 4 3 2 1
29 3 4 3 2 1
2 3 4 3 2 1
3 3 4 3 2 1
6 3 4 3 2 1
9 3 4 3 2 1
10 3 4 3 2 1
11 3 4 3 2 1
12 3 4 3 2 1
13 3 4 3 2 1
17 3 4 3 2 1
25 3 4 3 2 1
27 3 4 3 2 1
28 3 4 3 2 1
29 3 4 3 2 1
2 3 4 3 2 1
3 3 4 3 2 1
6 3 4 3 2 1
9 3 4 3 2 1
10 3 4 3 2 1
11 3 4 3 2 1
12 3 4 3 2 1
13 3 4 3 2 1
17 3 4 3 2 1
25 3 4 3 2 1
27 3 4 3 2 1
28 3 4 3 2 1
29 3 4 3 2 1
38 3 4 3 2 1
20 3 4 3 2 1
5 3 4 3 2 1
20 3 4 3 2 1
5 3 4 3 2 1
20 3 4 3 2 1
5 3 4 3 2 1
20 3 4 3 2 1
5 3 4 3 2 1
20 3 4 3 2 1
15 5 4 3 2 1
3 5 4 3 2 1
4 5 4 3 2 1
7 5 4 3 2 1
8 5 4 3 2 1
10 5 4 3 2 1
12 5 4 3 2 1
15 5 4 3 2 1
17 5 4 3 2 1
25 5 4 3 2 1
27 5 4 3 2 1
29 5 4 3 2 1
3 5 4 3 2 1
10 5 4 3 2 1
15 5 4 3 2 1
27 5 4 3 2 1
29 5 4 3 2 1
3 5 4 3 2 1
4 5 4 3 2 1
7 5 4 3 2 1
8 5 4 3 2 1
10 5 4 3 2 1
12 5 4 3 2 1
15 5 4 3 2 1
17 5 4 3 2 1
25 5 4 3 2 1
27 5 4 3 2 1
29 5 4 3 2 1
3 5 4 3 2 1
4 5 4 3 2 1
7 5 4 3 2 1
8 5 4 3 2 1
10 5 4 3 2 1
12 5 4 3 2 1
15 5 4 3 2 1
17 5 4 3 2 1
25 5 4 3 2 1
27 5 4 3 2 1
29 5 4 3 2 1
31 5 4 3 2 1
32 5 4 3 2 1
16 5 4 3 2 1
28 5 4 3 2 1
31 5 4 3 2 1
32 5 4 3 2 1
16 5 4 3 2 1
28 5 4 3 2 1
31 5 4 3 2 1
32 5 4 3 2 1
2 5 4 3 2 1
6 5 4 3 2 1
13 5 4 3 2 1
34 5 4 3 2 1
6 5 4 3 2 1
13 5 4 3 2 1
34 5 4 3 2 1
2 5 4 3 2 1
6 5 4 3 2 1
13 5 4 3 2 1
34 5 4 3 2 1
15 4 4 3 2 1
2 4 4 3 2 1
3 4 4 3 2 1
9 4 4 3 2 1
10 4 4 3 2 1
12 4 4 3 2 1
15 4 4 3 2 1
16 4 4 3 2 1
17 4 4 3 2 1
25 4 4 3 2 1
28 4 4 3 2 1
3 4 4 3 2 1
10 4 4 3 2 1
12 4 4 3 2 1
15 4 4 3 2 1
16 4 4 3 2 1
17 4 4 3 2 1
25 4 4 3 2 1
28 4 4 3 2 1
2 4 4 3 2 1
3 4 4 3 2 1
9 4 4 3 2 1
10 4 4 3 2 1
12 4 4 3 2 1
15 4 4 3 2 1
16 4 4 3 2 1
17 4 4 3 2 1
25 4 4 3 2 1
28 4 4 3 2 1
2 4 4 3 2 1
3 4 4 3 2 1
9 4 4 3 2 1
10 4 4 3 2 1
12 4 4 3 2 1
15 4 4 3 2 1
16 4 4 3 2 1
17 4 4 3 2 1
25 4 4 3 2 1
28 4 4 3 2 1
30 4 4 3 2 1
1 4 4 3 2 1
7 4 4 3 2 1
13 4 4 3 2 1
26 4 4 3 2 1
29 4 4 3 2 1
30 4 4 3 2 1
31 4 4 3 2 1
34 4 4 3 2 1
7 4 4 3 2 1
13 4 4 3 2 1
29 4 4 3 2 1
30 4 4 3 2 1
31 4 4 3 2 1
1 4 4 3 2 1
7 4 4 3 2 1
13 4 4 3 2 1
26 4 4 3 2 1
29 4 4 3 2 1
30 4 4 3 2 1
31 4 4 3 2 1
34 4 4 3 2 1
1 4 4 3 2 1
7 4 4 3 2 1
13 4 4 3 2 1
26 4 4 3 2 1
29 4 4 3 2 1
30 4 4 3 2 1
31 4 4 3 2 1
34 4 4 3 2 1
19 3 4 3 2 1
33 3 4 3 2 1
19 3 4 3 2 1
33 3 4 3 2 1
19 3 4 3 2 1
33 3 4 3 2 1
19 3 4 3 2 1
33 3 4 3 2 1
35 3 4 3 2 1
2 2 4 3 2 1
5 2 4