9 5 3 2 1 1
9 5 3 2 2 1
9 5 3 3 1 1
9 5 3 3 2 1
9 5 4 1 1 1
9 5 4 1 2 1
9 5 4 2 1 1
9 5 4 2 2 1
9 5 4 3 1 1
9 5 4 3 2 1
10 1 1 1 1:2 1
10 1 1 2 1:2 1
10 1 1 3 1:2 1
10 1 2 1 1:2 1
10 1 2 2 1:2 1
10 1 2 3 1:2 1
10 1 3 1 1 1
10 1 3 1 2 1
10 1 3 2 1 1
10 1 3 2 2 1
10 1 3 3 1 1
10 1 3 3 2 1
10 1 4 1 1 1
10 1 4 1 2 1
10 1 4 2 1 1
10 1 4 2 2 1
10 1 4 3 1 1
10 1 4 3 2 1
10 2 1 1 1:2 1
10 2 1 2 1:2 1
10 2 1 3 1:2 1
10 2 2 1 1:2 1
10 2 2 2 1:2 1
10 2 2 3 1:2 1
10 2 3 1 1 1
10 2 3 1 2 1
10 2 3 2 1 1
10 2 3 2 2 1
10 2 3 3 1 1
10 2 3 3 2 1
10 2 4 1 1 1
10 2 4 1 2 1
10 2 4 2 1 1
10 2 4 2 2 1
10 2 4 3 1 1
10 2 4 3 2 1
10 3 1 1 1:2 1
10 3 1 2 1:2 1
10 3 1 3 1:2 1
10 3 2 1 1:2 1
10 3 2 2 1:2 1
10 3 2 3 1:2 1
10 3 3 1 1 1
10 3 3 1 2 1
10 3 3 2 1 1
10 3 3 2 2 1
10 3 3 3 1 1
10 3 3 3 2 1
10 3 4 1 1 1
10 3 4 1 2 1
10 3 4 2 1 1
10 3 4 2 2 1
10 3 4 3 1 1
10 3 4 3 2 1
10 4 1 1 1:2 1
10 4 1 2 1:2 1
10 4 1 3 1:2 1
10 4 2 1 1:2 1
10 4 2 2 1:2 1
10 4 2 3 1:2 1
10 4 3 1 1 1
10 4 3 1 2 1
10 4 3 2 1 1
10 4 3 2 2 1
10 4 3 3 1 1
10 4 3 3 2 1
10 4 4 1 1 1
10 4 4 1 2 1
10 4 4 2 1 1
10 4 4 2 2 1
10 4 4 3 1 1
10 4 4 3 2 1
10 5 1 1 1:2 1
10 5 1 2 1:2 1
10 5 1 3 1:2 1
10 5 2 1 1:2 1
10 5 2 2 1:2 1
10 5 2 3 1:2 1
10 5 3 1 1 1
10 5 3 1 2 1
10 5 3 2 1 1
10 5 3 2 2 1
10 5 3 3 1 1
10 5 3 3 2 1
10 5 4 1 1 1
10 5 4 1 2 1
10 5 4 2 1 1
10 5 4 2 2 1
10 5 4 3 1 1
10 5 4 3 2 1
11 1 1 1 1:2 1
11 1 1 2 1:2 1
11 1 1 3 1:2 1
11 1 2 1 1:2 1
11 1 2 2 1:2 1
11 1 2 3 1:2 1
11 1 3 1 1 1
11 1 3 1 2 1
11 1 3 2 1 1
11 1 3 2 2 1
11 1 3 3 1 1
11 1 3 3 2 1
11 1 4 1 1 1
11 1 4 1 2 1
11 1 4 2 1 1
11 1 4 2 2 1
11 1 4 3 1 1
11 1 4 3 2 1
11 2 1 1 1:2 1
11 2 1 2 1:2 1
11 2 1 3 1:2 1
11 2 2 1 1:2 1
11 2 2 2 1:2 1
11 2 2 3 1:2 1
11 2 3 1 1 1
11 2 3 1 2 1
11 2 3 2 1 1
11 2 3 2 2 1
11 2 3 3 1 1
11 2 3 3 2 1
11 2 4 1 1 1
11 2 4 1 2 1
11 2 4 2 1 1
11 2 4 2 2 1
11 2 4 3 1 1
11 2 4 3 2 1
11 3 1 1 1:2 1
11 3 1 2 1:2 1
11 3 1 3 1:2 1
11 3 2 1 1:2 1
11 3 2 2 1:2 1
11 3 2 3 1:2 1
11 3 3 1 1 1
11 3 3 1 2 1
11 3 3 2 1 1
11 3 3 2 2 1
11 3 3 3 1 1
11 3 3 3 2 1
11 3 4 1 1 1
11 3 4 1 2 1
11 3 4 2 1 1
11 3 4 2 2 1
11 3 4 3 1 1
11 3 4 3 2 1
11 4 1 1 1:2 1
11 4 1 2 1:2 1
11 4 1 3 1:2 1
11 4 2 1 1:2 1
11 4 2 2 1:2 1
11 4 2 3 1:2 1
11 4 3 1 1 1
11 4 3 1 2 1
11 4 3 2 1 1
11 4 3 2 2 1
11 4 3 3 1 1
11 4 3 3 2 1
11 4 4 1 1 1
11 4 4 1 2 1
11 4 4 2 1 1
11 4 4 2 2 1
11 4 4 3 1 1
11 4 4 3 2 1
11 5 1 1 1:2 1
11 5 1 2 1:2 1
11 5 1 3 1:2 1
11 5 2 1 1:2 1
11 5 2 2 1:2 1
11 5 2 3 1:2 1
11 5 3 1 1 1
11 5 3 1 2 1
11 5 3 2 1 1
11 5 3 2 2 1
11 5 3 3 1 1
11 5 3 3 2 1
11 5 4 1 1 1
11 5 4 1 2 1
11 5 4 2 1 1
11 5 4 2 2 1
11 5 4 3 1 1
11 5 4 3 2 1
12 1 1 1 1:2 1
12 1 1 2 1:2 1
12 1 1 3 1:2 1
12 1 2 1 1:2 1
12 1 2 2 1:2 1
12 1 2 3 1:2 1
12 1 3 1 1 1
12 1 3 1 2 1
12 1 3 2 1 1
12 1 3 2 2 1
