21 1 1 1 1:2 1
21 1 1 2 1:2 1
21 1 1 3 1:2 1
21 1 2 1 1:2 1
21 1 2 2 1:2 1
21 1 2 3 1:2 1
21 1 3 1 1 1
21 1 3 1 2 1
21 1 3 2 1 1
21 1 3 2 2 1
21 1 3 3 1 1
21 1 3 3 2 1
21 1 4 1 1 1
21 1 4 1 2 1
21 1 4 2 1 1
21 1 4 2 2 1
21 1 4 3 1 1
21 1 4 3 2 1
21 2 1 1 1:2 1
21 2 1 2 1:2 1
21 2 1 3 1:2 1
21 2 2 1 1:2 1
21 2 2 2 1:2 1
21 2 2 3 1:2 1
21 2 3 1 1 1
21 2 3 1 2 1
21 2 3 2 1 1
21 2 3 2 2 1
21 2 3 3 1 1
21 2 3 3 2 1
21 2 4 1 1 1
21 2 4 1 2 1
21 2 4 2 1 1
21 2 4 2 2 1
21 2 4 3 1 1
21 2 4 3 2 1
21 3 1 1 1:2 1
21 3 1 2 1:2 1
21 3 1 3 1:2 1
21 3 2 1 1:2 1
21 3 2 2 1:2 1
21 3 2 3 1:2 1
21 3 3 1 1 1
21 3 3 1 2 1
21 3 3 2 1 1
21 3 3 2 2 1
21 3 3 3 1 1
21 3 3 3 2 1
21 3 4 1 1 1
21 3 4 1 2 1
21 3 4 2 1 1
21 3 4 2 2 1
21 3 4 3 1 1
21 3 4 3 2 1
21 4 1 1 1:2 1
21 4 1 2 1:2 1
21 4 1 3 1:2 1
21 4 2 1 1:2 1
21 4 2 2 1:2 1
21 4 2 3 1:2 1
21 4 3 1 1 1
21 4 3 1 2 1
21 4 3 2 1 1
21 4 3 2 2 1
21 4 3 3 1 1
21 4 3 3 2 1
21 4 4 1 1 1
21 4 4 1 2 1
21 4 4 2 1 1
21 4 4 2 2 1
21 4 4 3 1 1
21 4 4 3 2 1
21 5 1 1 1:2 1
21 5 1 2 1:2 1
21 5 1 3 1:2 1
21 5 2 1 1:2 1
21 5 2 2 1:2 1
21 5 2 3 1:2 1
21 5 3 1 1 1
21 5 3 1 2 1
21 5 3 2 1 1
21 5 3 2 2 1
21 5 3 3 1 1
21 5 3 3 2 1
21 5 4 1 1 1
21 5 4 1 2 1
21 5 4 2 1 1
21 5 4 2 2 1
21 5 4 3 1 1
21 5 4 3 2 1
22 1 1 1 1:2 1
22 1 1 2 1:2 1
22 1 1 3 1:2 1
22 1 2 1 1:2 1
22 1 2 2 1:2 1
22 1 2 3 1:2 1
22 1 3 1 1 1
22 1 3 1 2 1
22 1 3 2 1 1
22 1 3 2 2 1
22 1 3 3 1 1
22 1 3 3 2 1
22 1 4 1 1 1
22 1 4 1 2 1
22 1 4 2 1 1
22 1 4 2 2 1
22 1 4 3 1 1
22 1 4 3 2 1
22 2 1 1 1:2 1
22 2 1 2 1:2 1
22 2 1 3 1:2 1
22 2 2 1 1:2 1
22 2 2 2 1:2 1
22 2 2 3 1:2 1
22 2 3 1 1 1
22 2 3 1 2 1
22 2 3 2 1 1
22 2 3 2 2 1
22 2 3 3 1 1
22 2 3 3 2 1
22 2 4 1 1 1
22 2 4 1 2 1
22 2 4 2 1 1
22 2 4 2 2 1
22 2 4 3 1 1
22 2 4 3 2 1
22 3 1 1 1:2 1
22 3 1 2 1:2 1
22 3 1 3 1:2 1
22 3 2 1 1:2 1
22 3 2 2 1:2 1
22 3 2 3 1:2 1
22 3 3 1 1 1
22 3 3 1 2 1
22 3 3 2 1 1
22 3 3 2 2 1
22 3 3 3 1 1
22 3 3 3 2 1
22 3 4 1 1 1
22 3 4 1 2 1
22 3 4 2 1 1
22 3 4 2 2 1
22 3 4 3 1 1
22 3 4 3 2 1
22 4 1 1 1:2 1
22 4 1 2 1:2 1
22 4 1 3 1:2 1
22 4 2 1 1:2 1
22 4 2 2 1:2 1
22 4 2 3 1:2 1
22 4 3 1 1 1
22 4 3 1 2 1
22 4 3 2 1 1
22 4 3 2 2 1
22 4 3 3 1 1
22 4 3 3 2 1
22 4 4 1 1 1
22 4 4 1 2 1
22 4 4 2 1 1
22 4 4 2 2 1
22 4 4 3 1 1
22 4 4 3 2 1
22 5 1 1 1:2 1
22 5 1 2 1:2 1
22 5 1 3 1:2 1
22 5 2 1 1:2 1
22 5 2 2 1:2 1
22 5 2 3 1:2 1
22 5 3 1 1 1
22 5 3 1 2 1
22 5 3 2 1 1
22 5 3 2 2 1
22 5 3 3 1 1
22 5 3 3 2 1
22 5 4 1 1 1
22 5 4 1 2 1
22 5 4 2 1 1
22 5 4 2 2 1
22 5 4 3 1 1
22 5 4 3 2 1
23 1 1 1 1:2 1
23 1 1 2 1:2 1
23 1 1 3 1:2 1
23 1 2 1 1:2 1
23 1 2 2 1:2 1
23 1 2 3 1:2 1
23 1 3 1 1 1
23 1 3 1 2 1
23 1 3 2 1 1
23 1 3 2 2 1
23 1 3 3 1 1
23 1 3 3 2 1
23 1 4 1 1 1
23 1 4 1 2 1
23 1 4 2 1 1
23 1 4 2 2 1
23 1 4 3 1 1
23 1 4 3 2 1
23 2 1 1 1:2 1
23 2 1 2 1:2 1
