2 3 4 3 2 1
3 3 4 3 2 1
6 3 4 3 2 1
9 3 4 3 2 1
10 3 4 3 2 1
12 3 4 3 2 1
13 3 4 3 2 1
17 3 4 3 2 1
25 3 4 3 2 1
27 3 4 3 2 1
28 3 4 3 2 1
29 3 4 3 2 1
2 3 4 3 2 1
3 3 4 3 2 1
10 3 4 3 2 1
12 3 4 3 2 1
17 3 4 3 2 1
25 3 4 3 2 1
28 3 4 3 2 1
29 3 4 3 2 1
2 3 4 3 2 1
3 3 4 3 2 1
6 3 4 3 2 1
9 3 4 3 2 1
10 3 4 3 2 1
11 3 4 3 2 1
12 3 4 3 2 1
13 3 4 3 2 1
17 3 4 3 2 1
25 3 4 3 2 1
27 3 4 3 2 1
28 3 4 3 2 1
29 3 4 3 2 1
2 3 4 3 2 1
3 3 4 3 2 1
6 3 4 3 2 1
9 3 4 3 2 1
10 3 4 3 2 1
11 3 4 3 2 1
12 3 4 3 2 1
13 3 4 3 2 1
17 3 4 3 2 1
25 3 4 3 2 1
27 3 4 3 2 1
28 3 4 3 2 1
29 3 4 3 2 1
38 3 4 3 2 1
20 3 4 3 2 1
5 3 4 3 2 1
20 3 4 3 2 1
5 3 4 3 2 1
20 3 4 3 2 1
5 3 4 3 2 1
20 3 4 3 2 1
5 3 4 3 2 1
20 3 4 3 2 1
15 5 4 3 2 1
3 5 4 3 2 1
4 5 4 3 2 1
7 5 4 3 2 1
8 5 4 3 2 1
10 5 4 3 2 1
12 5 4 3 2 1
15 5 4 3 2 1
17 5 4 3 2 1
25 5 4 3 2 1
27 5 4 3 2 1
29 5 4 3 2 1
3 5 4 3 2 1
10 5 4 3 2 1
15 5 4 3 2 1
27 5 4 3 2 1
29 5 4 3 2 1
3 5 4 3 2 1
4 5 4 3 2 1
7 5 4 3 2 1
8 5 4 3 2 1
10 5 4 3 2 1
12 5 4 3 2 1
15 5 4 3 2 1
17 5 4 3 2 1
25 5 4 3 2 1
27 5 4 3 2 1
29 5 4 3 2 1
3 5 4 3 2 1
4 5 4 3 2 1
7 5 4 3 2 1
8 5 4 3 2 1
10 5 4 3 2 1
12 5 4 3 2 1
15 5 4 3 2 1
17 5 4 3 2 1
25 5 4 3 2 1
27 5 4 3 2 1
29 5 4 3 2 1
31 5 4 3 2 1
32 5 4 3 2 1
16 5 4 3 2 1
28 5 4 3 2 1
31 5 4 3 2 1
32 5 4 3 2 1
16 5 4 3 2 1
28 5 4 3 2 1
31 5 4 3 2 1
32 5 4 3 2 1
2 5 4 3 2 1
6 5 4 3 2 1
13 5 4 3 2 1
34 5 4 3 2 1
6 5 4 3 2 1
13 5 4 3 2 1
34 5 4 3 2 1
2 5 4 3 2 1
6 5 4 3 2 1
13 5 4 3 2 1
34 5 4 3 2 1
15 4 4 3 2 1
2 4 4 3 2 1
3 4 4 3 2 1
9 4 4 3 2 1
10 4 4 3 2 1
12 4 4 3 2 1
15 4 4 3 2 1
16 4 4 3 2 1
17 4 4 3 2 1
25 4 4 3 2 1
28 4 4 3 2 1
3 4 4 3 2 1
10 4 4 3 2 1
12 4 4 3 2 1
15 4 4 3 2 1
16 4 4 3 2 1
17 4 4 3 2 1
25 4 4 3 2 1
28 4 4 3 2 1
2 4 4 3 2 1
3 4 4 3 2 1
9 4 4 3 2 1
10 4 4 3 2 1
12 4 4 3 2 1
15 4 4 3 2 1
16 4 4 3 2 1
17 4 4 3 2 1
25 4 4 3 2 1
28 4 4 3 2 1
2 4 4 3 2 1
3 4 4 3 2 1
9 4 4 3 2 1
10 4 4 3 2 1
12 4 4 3 2 1
15 4 4 3 2 1
16 4 4 3 2 1
17 4 4 3 2 1
25 4 4 3 2 1
28 4 4 3 2 1
30 4 4 3 2 1
1 4 4 3 2 1
7 4 4 3 2 1
13 4 4 3 2 1
26 4 4 3 2 1
29 4 4 3 2 1
30 4 4 3 2 1
31 4 4 3 2 1
34 4 4 3 2 1
7 4 4 3 2 1
13 4 4 3 2 1
29 4 4 3 2 1
30 4 4 3 2 1
31 4 4 3 2 1
1 4 4 3 2 1
7 4 4 3 2 1
13 4 4 3 2 1
26 4 4 3 2 1
29 4 4 3 2 1
30 4 4 3 2 1
31 4 4 3 2 1
34 4 4 3 2 1
1 4 4 3 2 1
7 4 4 3 2 1
13 4 4 3 2 1
26 4 4 3 2 1
29 4 4 3 2 1
30 4 4 3 2 1
31 4 4 3 2 1
34 4 4 3 2 1
19 3 4 3 2 1
33 3 4 3 2 1
19 3 4 3 2 1
33 3 4 3 2 1
19 3 4 3 2 1
33 3 4 3 2 1
19 3 4 3 2 1
33 3 4 3 2 1
35 3 4 3 2 1
2 2 4 3 2 1
5 2 4 3 2 1
6 2 4 3 2 1
8 2 4 3 2 1
9 2 4 3 2 1
10 2 4 3 2 1
12 2 4 3 2 1
16 2 4 3 2 1
26 2 4 3 2 1
27 2 4 3 2 1
28 2 4 3 2 1
29 2 4 3 2 1
30 2 4 3 2 1
35 2 4 3 2 1
38 2 4 3 2 1
9 2 4 3 2 1
10 2 4 3 2 1
12 2 4 3 2 1
16 2 4 3 2 1
27 2 4 3 2 1
28 2 4 3 2 1
29 2 4 3 2 1
30 2 4 3 2 1
35 2 4 3 2 1
2 2 4 3 2 1
5 2 4 3 2 1
6 2 4 3 2 1
8 2 4 3 2 1
9 2 4 3 2 1
10 2 4 3 2 1
12 2 4 3 2 1
16 2 4 3 2 1
26 2 4 3 2 1
27 2 4 3 2 1
28 2 4 3 2 1
29 2 4 3 2 1
30 2 4 3 2 1
35 2 4 3 2 1
38 2 4 3 2 1
2 2 4 3 2 1
5 2 4 3 2 1
6 2 4 3 2 1
8 2 4 3 2 1
9 2 4 3 2 1
10 2 4 3 2 1
12 2 4 3 2 1
16 2 4 3 2 1
26 2 4 3 2 1
27 2 4 3 2 1
28 2 4 3 2 1
29 2 4 3 2 1
30 2 4 3 2 1
35 2 4 3 2 1
38 2 4 3 2 1
36 2 4 3 2 1
1 2 4 3 2 1
7 2 4 3 2 1
13 2 4 3 2 1
14 2 4 3 2 1
17 2 4 3 2 1
18 2 4 3 2 1
36 2 4 3 2 1
1 2 4 3 2 1
13 2 4 3 2 1
14 2 4 3 2 1
17 2 4 3 2 1
18 2 4 3 2 1
36 2 4 3 2 1
1 2 4 3 2 1
7 2 4 3 2 1
13 2 4 3 2 1
14 2 4 3 2 1
17 2 4 3 2 1
18 2 4 3 2 1
31 2 4 3 2 1
36 2 4 3 2 1
1 2 4 3 2 1
7 2 4 3 2 1
13 2 4 3 2 1
14 2 4 3 2 1
17 2 4 3 2 1
18 2 4 3 2 1
31 2 4 3 2 1
36 2 4 3 2 1
16 1 4 3 2 1
2 1 4 3 2 1
4 1 4 3 2 1
5 1 4 3 2 1
7 1 4 3 2 1
8 1 4 3 2 1
9 1 4 3 2 1
11 1 4 3 2 1
13 1 4 3 2 1
14 1 4 3 2 1
15 1 4 3 2 1
16 1 4 3 2 1
17 1 4 3 2 1
18 1 4 3 2 1
26 1 4 3 2 1
28 1 4 3 2 1
29 1 4 3 2 1
30 1 4 3 2 1
33 1 4 3 2 1
34 1 4 3 2 1
38 1 4 3 2 1
5 1 4 3 2 1
9 1 4 3 2 1
13 1 4 3 2 1
15 1 4 3 2 1
16 1 4 3 2 1
17 1 4 3 2 1
28 1 4 3 2 1
29 1 4 3 2 1
33 1 4 3 2 1
2 1 4 3 2 1
4 1 4 3 2 1
5 1 4 3 2 1
7 1 4 3 2 1
8 1 4 3 2 1
9 1 4 3 2 1
11 1 4 3 2 1
13 1 4 3 2 1
14 1 4 3 2 1
15 1 4 3 2 1
16 1 4 3 2 1
17 1 4 3 2 1
18 1 4 3 2 1
26 1 4 3 2 1
28 1 4 3 2 1
29 1 4 3 2 1
30 1 4 3 2 1
33 1 4 3 2 1
34 1 4 3 2 1
38 1 4 3 2 1
2 1 4 3 2 1
4 1 4 3 2 1
5 1 4 3 2 1
7 1 4 3 2 1
8 1 4 3 2 1
9 1 4 3 2 1
11 1 4 3 2 1
13 1 4 3 2 1
14 1 4 3 2 1
15 1 4 3 2 1
16 1 4 3 2 1
17 1 4 3 2 1
18 1 4 3 2 1
26 1 4 3 2 1
28 1 4 3 2 1
29 1 4 3 2 1
30 1 4 3 2 1
33 1 4 3 2 1
34 1 4 3 2 1
38 1 4 3 2 1
27 1 4 3 2 1
10 1 4 3 2 1
27 1 4 3 2 1
1 1 4 3 2 1
31 1 4 3 2 1
36 1 4 3 2 1
1 1 4 3 2 1
36 1 4 3 2 1
1 1 4 3 2 1
31 1 4 3 2 1
36 1 4 3 2 1
1 1 4 3 2 1
31 1 4 3 2 1
36 1 4 3 2 1
7 3 4 3 1 1
26 3 4 3 1 1
32 3 4 3 1 1
7 3 4 3 1 1
26 3 4 3 1 1
7 3 4 3 1 1
26 3 4 3 1 1
32 3 4 3 1 1
7 3 4 3 1 1
26 3 4 3 1 1
32 3 4 3 1 1
14 3 4 3 1 1
30 3 4 3 1 1
1 3 4 3 1 1
4 3 4 3 1 1
8 3 4 3 1 1
14 3 4 3 1 1
30 3 4 3 1 1
31 3 4 3 1 1
34 3 4 3 1 1
1 3 4 3 1 1
4 3 4 3 1 1
14 3 4 3 1 1
30 3 4 3 1 1
34 3 4 3 1 1
1 3 4 3 1 1
4 3 4 3 1 1
8 3 4 3 1 1
14 3 4 3 1 1
30 3 4 3 1 1
31 3 4 3 1 1
34 3 4 3 1 1
1 3 4 3 1 1
4 3 4 3 1 1
8 3 4 3 1 1
14 3 4 3 1 1
30 3 4 3 1 1
31 3 4 3 1 1
34 3 4 3 1 1
2 3 4 3 1 1
3 3 4 3 1 1
6 3 4 3 1 1
9 3 4 3 1 1
10 3 4 3 1 1
12 3 4 3 1 1
13 3 4 3 1 1
17 3 4 3 1 1
18 3 4 3 1 1
25 3 4 3 1 1
28 3 4 3 1 1
29 3 4 3 1 1
2 3 4 3 1 1
3 3 4 3 1 1
10 3 4 3 1 1
12 3 4 3 1 1
17 3 4 3 1 1
18 3 4 3 1 1
25 3 4 3 1 1
28 3 4 3 1 1
29 3 4 3 1 1
2 3 4 3 1 1
3 3 4 3 1 1
6 3 4 3 1 1
9 3 4 3 1 1
10 3 4 3 1 1
11 3 4 3 1 1
12 3 4 3 1 1
13 3 4 3 1 1
17 3 4 3 1 1
18 3 4 3 1 1
25 3 4 3 1 1
28 3 4 3 1 1
29 3 4 3 1 1
2 3 4 3 1 1
3 3 4 3 1 1
6 3 4 3 1 1
9 3 4 3 1 1
10 3 4 3 1 1
11 3 4 3 1 1
12 3 4 3 1 1
13 3 4 3 1 1
17 3 4 3 1 1
18 3 4 3 1 1
25 3 4 3 1 1
28 3 4 3 1 1
29 3 4 3 1 1
38 3 4 3 1 1
27 3 4 3 1 1
15 3 4 3 1 1
16 3 4 3 1 1
27 3 4 3 1 1
20 3 4 3 1 1
5 3 4 3 1 1
20 3 4 3 1 1
5 3 4 3 1 1
20 3 4 3 1 1
5 3 4 3 1 1
20 3 4 3 1 1
5 3 4 3 1 1
20 3 4 3 1 1
15 5 4 3 1 1
3 5 4 3 1 1
4 5 4 3 1 1
7 5 4 3 1 1
8 5 4 3 1 1
10 5 4 3 1 1
12 5 4 3 1 1
15 5 4 3 1 1
17 5 4 3 1 1
25 5 4 3 1 1
27 5 4 3 1 1
29 5 4 3 1 1
37 5 4 3 1 1
38 5 4 3 1 1
3 5 4 3 1 1
8 5 4 3 1 1
10 5 4 3 1 1
15 5 4 3 1 1
27 5 4 3 1 1
29 5 4 3 1 1
3 5 4 3 1 1
4 5 4 3 1 1
7 5 4 3 1 1
8 5 4 3 1 1
10 5 4 3 1 1
12 5 4 3 1 1
15 5 4 3 1 1
17 5 4 3 1 1
25 5 4 3 1 1
27 5 4 3 1 1
29 5 4 3 1 1
37 5 4 3 1 1
38 5 4 3 1 1
3 5 4 3 1 1
4 5 4 3 1 1
7 5 4 3 1 1
8 5 4 3 1 1
10 5 4 3 1 1
12 5 4 3 1 1
15 5 4 3 1 1
17 5 4 3 1 1
25 5 4 3 1 1
27 5 4 3 1 1
29 5 4 3 1 1
37 5 4 3 1 1
38 5 4 3 1 1
31 5 4 3 1 1
32 5 4 3 1 1
16 5 4 3 1 1
31 5 4 3 1 1
32 5 4 3 1 1
16 5 4 3 1 1
28 5 4 3 1 1
31 5 4 3 1 1
32 5 4 3 1 1
2 5 4 3 1 1
6 5 4 3 1 1
11 5 4 3 1 1
34 5 4 3 1 1
2 5 4 3 1 1
11 5 4 3 1 1
2 5 4 3 1 1
6 5 4 3 1 1
11 5 4 3 1 1
34 5 4 3 1 1
2 5 4 3 1 1
6 5 4 3 1 1
11 5 4 3 1 1
34 5 4 3 1 1
2 4 4 3 1 1
3 4 4 3 1 1
9 4 4 3 1 1
10 4 4 3 1 1
12 4 4 3 1 1
16 4 4 3 1 1
17 4 4 3 1 1
25 4 4 3 1 1
3 4 4 3 1 1
10 4 4 3 1 1
12 4 4 3 1 1
16 4 4 3 1 1
17 4 4 3 1 1
25 4 4 3 1 1
2 4 4 3 1 1
3 4 4 3 1 1
9 4 4 3 1 1
10 4 4 3 1 1
12 4 4 3 1 1
16 4 4 3 1 1
17 4 4 3 1 1
25 4 4 3 1 1
2 4 4 3 1 1
3 4 4 3 1 1
9 4 4 3 1 1
10 4 4 3 1 1
12 4 4 3 1 1
16 4 4 3 1 1
17 4 4 3 1 1
25 4 4 3 1 1
27 4 4 3 1 1
15 4 4 3 1 1
27 4 4 3 1 1
30 4 4 3 1 1
1 4 4 3 1 1
7 4 4 3 1 1
13 4 4 3 1 1
26 4 4 3 1 1
29 4 4 3 1 1
30 4 4 3 1 1
31 4 4 3 1 1
34 4 4 3 1 1
7 4 4 3 1 1
13 4 4 3 1 1
29 4 4 3 1 1
30 4 4 3 1 1
31 4 4 3 1 1
1 4 4 3 1 1
7 4 4 3 1 1
13 4 4 3 1 1
26 4 4 3 1 1
29 4 4 3 1 1
30 4 4 3 1 1
31 4 4 3 1 1
34 4 4 3 1 1
1 4 4 3 1 1
7 4 4 3 1 1
13 4 4 3 1 1
26 4 4 3 1 1
29 4 4 3 1 1
30 4 4 3 1 1
31 4 4 3 1 1
34 4 4 3 1 1
33 3 4 3 1 1
19 3 4 3 1 1
33 3 4 3 1 1
35 3 4 3 1 1
16 2 4 3 1 1
35 2 4 3 1 1
2 2 4 3 1 1
5 2 4 3 1 1
6 2 4 3 1 1
8 2 4 3 1 1
9 2 4 3 1 1
10 2 4 3 1 1
16 2 4 3 1 1
26 2 4 3 1 1
27 2 4 3 1 1
28 2 4 3 1 1
29 2 4 3 1 1
30 2 4 3 1 1
35 2 4 3 1 1
38 2 4 3 1 1
9 2 4 3 1 1
10 2 4 3 1 1
16 2 4 3 1 1
27 2 4 3 1 1
28 2 4 3 1 1
29 2 4 3 1 1
30 2 4 3 1 1
35 2 4 3 1 1
2 2 4 3 1 1
5 2 4 3 1 1
6 2 4 3 1 1
8 2 4 3 1 1
9 2 4 3 1 1
10 2 4 3 1 1
16 2 4 3 1 1
26 2 4 3 1 1
27 2 4 3 1 1
28 2 4 3 1 1
29 2 4 3 1 1
30 2 4 3 1 1
35 2 4 3 1 1
38 2 4 3 1 1
2 2 4 3 1 1
5 2 4 3 1 1
6 2 4 3 1 1
8 2 4 3 1 1
9 2 4 3 1 1
10 2 4 3 1 1
16 2 4 3 1 1
26 2 4 3 1 1
27 2 4 3 1 1
28 2 4 3 1 1
29 2 4 3 1 1
30 2 4 3 1 1
35 2 4 3 1 1
38 2 4 3 1 1
12 2 4 3 1 1
15 2 4 3 1 1
12 2 4 3 1 1
15 2 4 3 1 1
12 2 4 3 1 1
15 2 4 3 1 1
36 2 4 3 1 1
1 2 4 3 1 1
7 2 4 3 1 1
13 2 4 3 1 1
14 2 4 3 1 1
17 2 4 3 1 1
18 2 4 3 1 1
36 2 4 3 1 1
1 2 4 3 1 1
13 2 4 3 1 1
14 2 4 3 1 1
17 2 4 3 1 1
18 2 4 3 1 1
36 2 4 3 1 1
1 2 4 3 1 1
7 2 4 3 1 1
13 2 4 3 1 1
14 2 4 3 1 1
17 2 4 3 1 1
18 2 4 3 1 1
31 2 4 3 1 1
36 2 4 3 1 1
1 2 4 3 1 1
7 2 4 3 1 1
13 2 4 3 1 1
14 2 4 3 1 1
17 2 4 3 1 1
18 2 4 3 1 1
31 2 4 3 1 1
36 2 4 3 1 1
16 1 4 3 1 1
2 1 4 3 1 1
4 1 4 3 1 1
5 1 4 3 1 1
7 1 4 3 1 1
8 1 4 3 1 1
9 1 4 3 1 1
11 1 4 3 1 1
13 1 4 3 1 1
14 1 4 3 1 1
15 1 4 3 1 1
16 1 4 3 1 1
17 1 4 3 1 1
18 1 4 3 1 1
26 1 4 3 1 1
28 1 4 3 1 1
29 1 4 3 1 1
30 1 4 3 1 1
33 1 4 3 1 1
34 1 4 3 1 1
38 1 4 3 1 1
5 1 4 3 1 1
9 1 4 3 1 1
13 1 4 3 1 1
15 1 4 3 1 1
16 1 4 3 1 1
17 1 4 3 1 1
28 1 4 3 1 1
29 1 4 3 1 1
33 1 4 3 1 1
2 1 4 3 1 1
4 1 4 3 1 1
5 1 4 3 1 1
7 1 4 3 1 1
8 1 4 3 1 1
9 1 4 3 1 1
11 1 4 3 1 1
13 1 4 3 1 1
14 1 4 3 1 1
15 1 4 3 1 1
16 1 4 3 1 1
17 1 4 3 1 1
18 1 4 3 1 1
26 1 4 3 1 1
28 1 4 3 1 1
29 1 4 3 1 1
30 1 4 3 1 1
33 1 4 3 1 1
34 1 4 3 1 1
38 1 4 3 1 1
2 1 4 3 1 1
4 1 4 3 1 1
5 1 4 3 1 1
7 1 4 3 1 1
8 1 4 3 1 1
9 1 4 3 1 1
11 1 4 3 1 1
13 1 4 3 1 1
14 1 4 3 1 1
15 1 4 3 1 1
16 1 4 3 1 1
17 1 4 3 1 1
18 1 4 3 1 1
26 1 4 3 1 1
28 1 4 3 1 1
29 1 4 3 1 1
30 1 4 3 1 1
33 1 4 3 1 1
34 1 4 3 1 1
38 1 4 3 1 1
27 1 4 3 1 1
10 1 4 3 1 1
27 1 4 3 1 1
1 1 4 3 1 1
31 1 4 3 1 1
36 1 4 3 1 1
1 1 4 3 1 1
36 1 4 3 1 1
1 1 4 3 1 1
31 1 4 3 1 1
36 1 4 3 1 1
1 1 4 3 1 1
31 1 4 3 1 1
36 1 4 3 1 1
6 3 3 3 2 1
10 3 3 3 2 1
13 3 3 3 2 1
18 3 3 3 2 1
26 3 3 3 2 1
28 3 3 3 2 1
30 3 3 3 2 1
10 3 3 3 2 1
18 3 3 3 2 1
28 3 3 3 2 1
30 3 3 3 2 1
6 3 3 3 2 1
10 3 3 3 2 1
13 3 3 3 2 1
18 3 3 3 2 1
26 3 3 3 2 1
28 3 3 3 2 1
30 3 3 3 2 1
6 3 3 3 2 1
10 3 3 3 2 1
13 3 3 3 2 1
18 3 3 3 2 1
26 3 3 3 2 1
28 3 3 3 2 1
30 3 3 3 2 1
9 3 3 3 2 1
12 3 3 3 2 1
15 3 3 3 2 1
25 3 3 3 2 1
9 3 3 3 2 1
12 3 3 3 2 1
15 3 3 3 2 1
17 3 3 3 2 1
25 3 3 3 2 1
27 3 3 3 2 1
29 3 3 3 2 1
9 3 3 3 2 1
12 3 3 3 2 1
15 3 3 3 2 1
17 3 3 3 2 1
25 3 3 3 2 1
27 3 3 3 2 1
29 3 3 3 2 1
1 3 3 3 2 1
19 3 3 3 2 1
1 3 3 3 2 1
19 3 3 3 2 1
1 3 3 3 2 1
19 3 3 3 2 1
1 3 3 3 2 1
19 3 3 3 2 1
3 3 3 3 2 1
4 3 3 3 2 1
5 3 3 3 2 1
31 3 3 3 2 1
34 3 3 3 2 1
35 3 3 3 2 1
4 3 3 3 2 1
31 3 3 3 2 1
3 3 3 3 2 1
4 3 3 3 2 1
5 3 3 3 2 1
31 3 3 3 2 1
34 3 3 3 2 1
35 3 3 3 2 1
3 3 3 3 2 1
4 3 3 3 2 1
5 3 3 3 2 1
31 3 3 3 2 1
34 3 3 3 2 1
35 3 3 3 2 1
2 3 3 3 2 1
7 3 3 3 2 1
14 3 3 3 2 1
32 3 3 3 2 1
33 3 3 3 2 1
14 3 3 3 2 1
32 3 3 3 2 1
33 3 3 3 2 1
2 3 3 3 2 1
7 3 3 3 2 1
8 3 3 3 2 1
14 3 3 3 2 1
32 3 3 3 2 1
33 3 3 3 2 1
2 3 3 3 2 1
7 3 3 3 2 1
8 3 3 3 2 1
14 3 3 3 2 1
32 3 3 3 2 1
33 3 3 3 2 1
15 5 3 3 2 1
16 5 3 3 2 1
27 5 3 3 2 1
28 5 3 3 2 1
15 5 3 3 2 1
16 5 3 3 2 1
27 5 3 3 2 1
28 5 3 3 2 1
31 5 3 3 2 1
15 5 3 3 2 1
16 5 3 3 2 1
27 5 3 3 2 1
28 5 3 3 2 1
31 5 3 3 2 1
27 4 3 3 2 1
3 4 3 3 2 1
15 4 3 3 2 1
18 4 3 3 2 1
3 4 3 3 2 1
15 4 3 3 2 1
17 4 3 3 2 1
18 4 3 3 2 1
27 4 3 3 2 1
29 4 3 3 2 1
3 4 3 3 2 1
15 4 3 3 2 1
16 4 3 3 2 1
17 4 3 3 2 1
18 4 3 3 2 1
27 4 3 3 2 1
29 4 3 3 2 1
36 3 3 3 2 1
20 3 3 3 2 1
36 3 3 3 2 1
16 3 3 3 2 1
16 3 3 3 2 1
38 3 3 3 2 1
9 2 3 3 2 1
10 2 3 3 2 1
15 2 3 3 2 1
27 2 3 3 2 1
29 2 3 3 2 1
35 2 3 3 2 1
9 2 3 3 2 1
10 2 3 3 2 1
15 2 3 3 2 1
17 2 3 3 2 1
27 2 3 3 2 1
29 2 3 3 2 1
35 2 3 3 2 1
9 2 3 3 2 1
10 2 3 3 2 1
15 2 3 3 2 1
17 2 3 3 2 1
27 2 3 3 2 1
29 2 3 3 2 1
35 2 3 3 2 1
10 1 3 3 2 1
16 1 3 3 2 1
17 1 3 3 2 1
29 1 3 3 2 1
33 1 3 3 2 1
36 1 3 3 2 1
10 1 3 3 2 1
33 1 3 3 2 1
10 1 3 3 2 1
16 1 3 3 2 1
17 1 3 3 2 1
29 1 3 3 2 1
33 1 3 3 2 1
36 1 3 3 2 1
10 1 3 3 2 1
16 1 3 3 2 1
17 1 3 3 2 1
29 1 3 3 2 1
33 1 3 3 2 1
36 1 3 3 2 1
10 3 3 3 1 1
6 3 3 3 1 1
10 3 3 3 1 1
13 3 3 3 1 1
17 3 3 3 1 1
18 3 3 3 1 1
26 3 3 3 1 1
28 3 3 3 1 1
30 3 3 3 1 1
10 3 3 3 1 1
17 3 3 3 1 1
18 3 3 3 1 1
28 3 3 3 1 1
30 3 3 3 1 1
6 3 3 3 1 1
10 3 3 3 1 1
13 3 3 3 1 1
17 3 3 3 1 1
18 3 3 3 1 1
26 3 3 3 1 1
28 3 3 3 1 1
30 3 3 3 1 1
6 3 3 3 1 1
10 3 3 3 1 1
13 3 3 3 1 1
17 3 3 3 1 1
18 3 3 3 1 1
26 3 3 3 1 1
28 3 3 3 1 1
30 3 3 3 1 1
9 3 3 3 1 1
12 3 3 3 1 1
15 3 3 3 1 1
25 3 3 3 1 1
27 3 3 3 1 1
9 3 3 3 1 1
25 3 3 3 1 1
9 3 3 3 1 1
12 3 3 3 1 1
15 3 3 3 1 1
25 3 3 3 1 1
27 3 3 3 1 1
29 3 3 3 1 1
9 3 3 3 1 1
12 3 3 3 1 1
15 3 3 3 1 1
25 3 3 3 1 1
27 3 3 3 1 1
29 3 3 3 1 1
1 3 3 3 1 1
3 3 3 3 1 1
4 3 3 3 1 1
5 3 3 3 1 1
31 3 3 3 1 1
34 3 3 3 1 1
35 3 3 3 1 1
4 3 3 3 1 1
5 3 3 3 1 1
31 3 3 3 1 1
35 3 3 3 1 1
1 3 3 3 1 1
3 3 3 3 1 1
4 3 3 3 1 1
5 3 3 3 1 1
31 3 3 3 1 1
34 3 3 3 1 1
35 3 3 3 1 1
1 3 3 3 1 1
3 3 3 3 1 1
4 3 3 3 1 1
5 3 3 3 1 1
31 3 3 3 1 1
34 3 3 3 1 1
35 3 3 3 1 1
7 3 3 3 1 1
14 3 3 3 1 1
32 3 3 3 1 1
33 3 3 3 1 1
2 3 3 3 1 1
7 3 3 3 1 1
14 3 3 3 1 1
32 3 3 3 1 1
2 3 3 3 1 1
7 3 3 3 1 1
14 3 3 3 1 1
32 3 3 3 1 1
33 3 3 3 1 1
2 3 3 3 1 1
7 3 3 3 1 1
14 3 3 3 1 1
32 3 3 3 1 1
33 3 3 3 1 1
15 5 3 3 1 1
16 5 3 3 1 1
27 5 3 3 1 1
28 5 3 3 1 1
31 5 3 3 1 1
16 5 3 3 1 1
27 5 3 3 1 1
28 5 3 3 1 1
31 5 3 3 1 1
15 5 3 3 1 1
16 5 3 3 1 1
27 5 3 3 1 1
28 5 3 3 1 1
31 5 3 3 1 1
27 4 3 3 1 1
3 4 3 3 1 1
15 4 3 3 1 1
3 4 3 3 1 1
15 4 3 3 1 1
27 4 3 3 1 1
29 4 3 3 1 1
3 4 3 3 1 1
15 4 3 3 1 1
16 4 3 3 1 1
27 4 3 3 1 1
29 4 3 3 1 1
16 3 3 3 1 1
36 3 3 3 1 1
38 3 3 3 1 1
16 3 3 3 1 1
36 3 3 3 1 1
16 3 3 3 1 1
36 3 3 3 1 1
38 3 3 3 1 1
16 3 3 3 1 1
36 3 3 3 1 1
38 3 3 3 1 1
10 2 3 3 1 1
15 2 3 3 1 1
18 2 3 3 1 1
27 2 3 3 1 1
35 2 3 3 1 1
18 2 3 3 1 1
9 2 3 3 1 1
10 2 3 3 1 1
15 2 3 3 1 1
17 2 3 3 1 1
18 2 3 3 1 1
27 2 3 3 1 1
35 2 3 3 1 1
9 2 3 3 1 1
10 2 3 3 1 1
15 2 3 3 1 1
17 2 3 3 1 1
18 2 3 3 1 1
27 2 3 3 1 1
35 2 3 3 1 1
10 1 3 3 1 1
16 1 3 3 1 1
17 1 3 3 1 1
28 1 3 3 1 1
29 1 3 3 1 1
33 1 3 3 1 1
36 1 3 3 1 1
10 1 3 3 1 1
33 1 3 3 1 1
10 1 3 3 1 1
15 1 3 3 1 1
16 1 3 3 1 1
17 1 3 3 1 1
28 1 3 3 1 1
29 1 3 3 1 1
33 1 3 3 1 1
36 1 3 3 1 1
10 1 3 3 1 1
15 1 3 3 1 1
16 1 3 3 1 1
17 1 3 3 1 1
28 1 3 3 1 1
29 1 3 3 1 1
33 1 3 3 1 1
36 1 3 3 1 1
31 3 2 3 1:2 1
13 3 2 3 1:2 1
26 3 2 3 1:2 1
36 3 2 3 1:2 1
26 3 2 3 1:2 1
36 3 2 3 1:2 1
13 3 2 3 1:2 1
26 3 2 3 1:2 1
36 3 2 3 1:2 1
13 3 2 3 1:2 1
26 3 2 3 1:2 1
36 3 2 3 1:2 1
35 3 2 3 1:2 1
20 3 2 3 1:2 1
35 3 2 3 1:2 1
7 3 2 3 1:2 1
7 3 2 3 1:2 1
30 3 2 3 1:2 1
12 3 2 3 1:2 1
16 3 2 3 1:2 1
28 3 2 3 1:2 1
16 3 2 3 1:2 1
12 3 2 3 1:2 1
16 3 2 3 1:2 1
28 3 2 3 1:2 1
12 3 2 3 1:2 1
16 3 2 3 1:2 1
28 3 2 3 1:2 1
10 3 2 3 1:2 1
11 3 2 3 1:2 1
18 3 2 3 1:2 1
25 3 2 3 1:2 1
10 3 2 3 1:2 1
11 3 2 3 1:2 1
10 3 2 3 1:2 1
11 3 2 3 1:2 1
18 3 2 3 1:2 1
25 3 2 3 1:2 1
10 3 2 3 1:2 1
11 3 2 3 1:2 1
18 3 2 3 1:2 1
25 3 2 3 1:2 1
15 3 2 3 1:2 1
27 3 2 3 1:2 1
15 3 2 3 1:2 1
27 3 2 3 1:2 1
29 3 2 3 1:2 1
15 3 2 3 1:2 1
27 3 2 3 1:2 1
29 3 2 3 1:2 1
