12 1 3 3 1 1
12 1 3 3 2 1
12 1 4 1 1 1
12 1 4 1 2 1
12 1 4 2 1 1
12 1 4 2 2 1
12 1 4 3 1 1
12 1 4 3 2 1
12 2 1 1 1:2 1
12 2 1 2 1:2 1
12 2 1 3 1:2 1
12 2 2 1 1:2 1
12 2 2 2 1:2 1
12 2 2 3 1:2 1
12 2 3 1 1 1
12 2 3 1 2 1
12 2 3 2 1 1
12 2 3 2 2 1
12 2 3 3 1 1
12 2 3 3 2 1
12 2 4 1 1 1
12 2 4 1 2 1
12 2 4 2 1 1
12 2 4 2 2 1
12 2 4 3 1 1
12 2 4 3 2 1
12 3 1 1 1:2 1
12 3 1 2 1:2 1
12 3 1 3 1:2 1
12 3 2 1 1:2 1
12 3 2 2 1:2 1
12 3 2 3 1:2 1
12 3 3 1 1 1
12 3 3 1 2 1
12 3 3 2 1 1
12 3 3 2 2 1
12 3 3 3 1 1
12 3 3 3 2 1
12 3 4 1 1 1
12 3 4 1 2 1
12 3 4 2 1 1
12 3 4 2 2 1
12 3 4 3 1 1
12 3 4 3 2 1
12 4 1 1 1:2 1
12 4 1 2 1:2 1
12 4 1 3 1:2 1
12 4 2 1 1:2 1
12 4 2 2 1:2 1
12 4 2 3 1:2 1
12 4 3 1 1 1
12 4 3 1 2 1
12 4 3 2 1 1
12 4 3 2 2 1
12 4 3 3 1 1
12 4 3 3 2 1
12 4 4 1 1 1
12 4 4 1 2 1
12 4 4 2 1 1
12 4 4 2 2 1
12 4 4 3 1 1
12 4 4 3 2 1
12 5 1 1 1:2 1
12 5 1 2 1:2 1
12 5 1 3 1:2 1
12 5 2 1 1:2 1
12 5 2 2 1:2 1
12 5 2 3 1:2 1
12 5 3 1 1 1
12 5 3 1 2 1
12 5 3 2 1 1
12 5 3 2 2 1
12 5 3 3 1 1
12 5 3 3 2 1
12 5 4 1 1 1
12 5 4 1 2 1
12 5 4 2 1 1
12 5 4 2 2 1
12 5 4 3 1 1
12 5 4 3 2 1
13 1 1 1 1:2 1
13 1 1 2 1:2 1
13 1 1 3 1:2 1
13 1 2 1 1:2 1
13 1 2 2 1:2 1
13 1 2 3 1:2 1
13 1 3 1 1 1
13 1 3 1 2 1
13 1 3 2 1 1
13 1 3 2 2 1
13 1 3 3 1 1
13 1 3 3 2 1
13 1 4 1 1 1
13 1 4 1 2 1
13 1 4 2 1 1
13 1 4 2 2 1
13 1 4 3 1 1
13 1 4 3 2 1
13 2 1 1 1:2 1
13 2 1 2 1:2 1
13 2 1 3 1:2 1
13 2 2 1 1:2 1
13 2 2 2 1:2 1
13 2 2 3 1:2 1
13 2 3 1 1 1
13 2 3 1 2 1
13 2 3 2 1 1
13 2 3 2 2 1
13 2 3 3 1 1
13 2 3 3 2 1
13 2 4 1 1 1
13 2 4 1 2 1
13 2 4 2 1 1
13 2 4 2 2 1
13 2 4 3 1 1
13 2 4 3 2 1
13 3 1 1 1:2 1
13 3 1 2 1:2 1
13 3 1 3 1:2 1
13 3 2 1 1:2 1
13 3 2 2 1:2 1
13 3 2 3 1:2 1
13 3 3 1 1 1
13 3 3 1 2 1
13 3 3 2 1 1
13 3 3 2 2 1
13 3 3 3 1 1
13 3 3 3 2 1
13 3 4 1 1 1
13 3 4 1 2 1
13 3 4 2 1 1
13 3 4 2 2 1
13 3 4 3 1 1
13 3 4 3 2 1
13 4 1 1 1:2 1
13 4 1 2 1:2 1
13 4 1 3 1:2 1
13 4 2 1 1:2 1
13 4 2 2 1:2 1
13 4 2 3 1:2 1
13 4 3 1 1 1
13 4 3 1 2 1
13 4 3 2 1 1
13 4 3 2 2 1
13 4 3 3 1 1
13 4 3 3 2 1
13 4 4 1 1 1
13 4 4 1 2 1
13 4 4 2 1 1
13 4 4 2 2 1
13 4 4 3 1 1
13 4 4 3 2 1
13 5 1 1 1:2 1
13 5 1 2 1:2 1
13 5 1 3 1:2 1
13 5 2 1 1:2 1
13 5 2 2 1:2 1
13 5 2 3 1:2 1
13 5 3 1 1 1
13 5 3 1 2 1
13 5 3 2 1 1
13 5 3 2 2 1
13 5 3 3 1 1
13 5 3 3 2 1
13 5 4 1 1 1
13 5 4 1 2 1
13 5 4 2 1 1
13 5 4 2 2 1
13 5 4 3 1 1
13 5 4 3 2 1
14 1 1 1 1:2 1
14 1 1 2 1:2 1
14 1 1 3 1:2 1
14 1 2 1 1:2 1
14 1 2 2 1:2 1
14 1 2 3 1:2 1
14 1 3 1 1 1
14 1 3 1 2 1
14 1 3 2 1 1
14 1 3 2 2 1
14 1 3 3 1 1
14 1 3 3 2 1
14 1 4 1 1 1
14 1 4 1 2 1
14 1 4 2 1 1
14 1 4 2 2 1
14 1 4 3 1 1
14 1 4 3 2 1
14 2 1 1 1:2 1
14 2 1 2 1:2 1
14 2 1 3 1:2 1
14 2 2 1 1:2 1
14 2 2 2 1:2 1
14 2 2 3 1:2 1
14 2 3 1 1 1
14 2 3 1 2 1
14 2 3 2 1 1
14 2 3 2 2 1
14 2 3 3 1 1
14 2 3 3 2 1
