2
14 1 3 3 1 2
14 1 3 3 2 2
14 2 3 1 1 2
14 2 3 1 2 2
14 2 3 2 1 2
14 2 3 2 2 2
14 2 3 3 1 2
14 2 3 3 2 2
14 3 3 1 1 2
14 3 3 1 2 2
14 3 3 2 1 2
14 3 3 2 2 2
14 3 3 3 1 2
14 3 3 3 2 2
14 4 3 1 1 2
14 4 3 1 2 2
14 4 3 2 1 2
14 4 3 2 2 2
14 4 3 3 1 2
14 4 3 3 2 2
14 5 3 1 1 2
14 5 3 1 2 2
14 5 3 2 1 2
14 5 3 2 2 2
14 5 3 3 1 2
14 5 3 3 2 2
15 1 3 1 1 2
15 1 3 1 2 2
15 1 3 2 1 2
15 1 3 2 2 2
15 1 3 3 1 2
15 1 3 3 2 2
15 2 3 1 1 2
15 2 3 1 2 2
15 2 3 2 1 2
15 2 3 2 2 2
15 2 3 3 1 2
15 2 3 3 2 2
15 3 3 1 1 2
15 3 3 1 2 2
15 3 3 2 1 2
15 3 3 2 2 2
15 3 3 3 1 2
15 3 3 3 2 2
15 4 3 1 1 2
15 4 3 1 2 2
15 4 3 2 1 2
15 4 3 2 2 2
15 4 3 3 1 2
15 4 3 3 2 2
15 5 3 1 1 2
15 5 3 1 2 2
15 5 3 2 1 2
15 5 3 2 2 2
15 5 3 3 1 2
15 5 3 3 2 2
16 1 3 1 1 2
16 1 3 1 2 2
16 1 3 2 1 2
16 1 3 2 2 2
16 1 3 3 1 2
16 1 3 3 2 2
16 2 3 1 1 2
16 2 3 1 2 2
16 2 3 2 1 2
16 2 3 2 2 2
16 2 3 3 1 2
16 2 3 3 2 2
16 3 3 1 1 2
16 3 3 1 2 2
16 3 3 2 1 2
16 3 3 2 2 2
16 3 3 3 1 2
16 3 3 3 2 2
16 4 3 1 1 2
16 4 3 1 2 2
16 4 3 2 1 2
16 4 3 2 2 2
16 4 3 3 1 2
16 4 3 3 2 2
16 5 3 1 1 2
16 5 3 1 2 2
16 5 3 2 1 2
16 5 3 2 2 2
16 5 3 3 1 2
16 5 3 3 2 2
17 1 3 1 1 2
17 1 3 1 2 2
17 1 3 2 1 2
17 1 3 2 2 2
17 1 3 3 1 2
17 1 3 3 2 2
17 2 3 1 1 2
17 2 3 1 2 2
17 2 3 2 1 2
17 2 3 2 2 2
17 2 3 3 1 2
17 2 3 3 2 2
17 3 3 1 1 2
17 3 3 1 2 2
17 3 3 2 1 2
17 3 3 2 2 2
17 3 3 3 1 2
17 3 3 3 2 2
17 4 3 1 1 2
17 4 3 1 2 2
17 4 3 2 1 2
17 4 3 2 2 2
17 4 3 3 1 2
17 4 3 3 2 2
17 5 3 1 1 2
17 5 3 1 2 2
17 5 3 2 1 2
17 5 3 2 2 2
17 5 3 3 1 2
17 5 3 3 2 2
18 1 3 1 1 2
18 1 3 1 2 2
18 1 3 2 1 2
18 1 3 2 2 2
18 1 3 3 1 2
18 1 3 3 2 2
18 2 3 1 1 2
18 2 3 1 2 2
18 2 3 2 1 2
18 2 3 2 2 2
18 2 3 3 1 2
18 2 3 3 2 2
18 3 3 1 1 2
18 3 3 1 2 2
18 3 3 2 1 2
18 3 3 2 2 2
18 3 3 3 1 2
18 3 3 3 2 2
18 4 3 1 1 2
18 4 3 1 2 2
18 4 3 2 1 2
18 4 3 2 2 2
18 4 3 3 1 2
18 4 3 3 2 2
18 5 3 1 1 2
18 5 3 1 2 2
18 5 3 2 1 2
18 5 3 2 2 2
18 5 3 3 1 2
18 5 3 3 2 2
19 1 3 1 1 2
19 1 3 1 2 2
19 1 3 2 1 2
19 1 3 2 2 2
19 1 3 3 1 2
19 1 3 3 2 2
19 2 3 1 1 2
19 2 3 1 2 2
19 2 3 2 1 2
19 2 3 2 2 2
19 2 3 3 1 2
19 2 3 3 2 2
19 3 3 1 1 2
19 3 3 1 2 2
19 3 3 2 1 2
19 3 3 2 2 2
19 3 3 3 1 2
19 3 3 3 2 2
19 4 3 1 1 2
19 4 3 1 2 2
19 4 3 2 1 2
19 4 3 2 2 2
19 4 3 3 1 2
19 4 3 3 2 2
19 5 3 1 1 2
19 5 3 1 2 2
19 5 3 2 1 2
19 5 3 2 2 2
19 5 3 3 1 2
19 5 3 3 2 2
20 1 3 1 1 2
20 1 3 1 2 2
20 1 3 2 1 2
20 1 3 2 2 2
20 1 3 3 1 2
20 1 3 3 2 2
20 2 3 1 1 2
20 2 3 1 2 2
20 2 3 2 1 2
20 2 3 2 2 2
20 2 