12 1
13 4 4 1 2 1
15 4 4 2 1 1
15 4 4 2 2 1
15 4 4 3 1 1
15 5 1 1 12 1
17 2 4 2 1 1
17 2 4 2 2 1
17 2 4 3 1 1
17 2 4 3 2 1
17 3 1 1 12 1
17 3 1 2 12 1
17 3 1 3 12 1
17 3 2 1 12 1
17 3 2 3 12 1
17 3 3 1 1 1
17 3 3 1 2 1
17 3 3 2 1 1
17 3 3 2 2 1
17 3 3 3 1 1
17 3 3 3 2 1
17 5 3 2 1 1
18 2 1 3 12 1
18 2 2 1 12 1
18 2 2 2 12 1
18 2 2 3 12 1
18 2 3 1 1 1
18 2 3 1 2 1
18 2 3 2 1 1
18 2 3 2 2 1
18 2 3 3 1 1
18 2 3 3 2 1
18 2 4 1 1 1
19 4 4 1 1 1
19 4 4 1 2 1
19 4 4 2 1 1
19 4 4 2 2 1
19 4 4 3 1 1
19 4 4 3 2 1
19 5 1 1 12 1
19 5 1 2 12 1
19 5 1 3 12 1
19 5 2 1 12 1
19 5 2 2 12 1
19 5 2 3 12 1
19 5 3 1 1 1
19 5 3 1 2 1
19 5 3 2 1 1
19 5