6 4 4 3 1 1
6 4 4 3 2 1
6 5 1 1 12 1
6 5 1 2 12 1
8 2 1 1 12 1
8 2 1 2 12 1
8 2 1 3 12 1
8 2 2 1 12 1
8 2 2 2 12 1
8 2 2 3 12 1
8 2 3 1 1 1
8 2 3 1 2 1
8 2 3 2 1 1
8 2 3 2 2 1
8 2 3 3 1 1
8 2 3 3 2 1
8 2 4 1 1 1
8 2 4 1 2 1
8 2 4 2 1 1
8 2 4 2 2 1
8 2 4 3 1 1
8 2 4 3 2 1
8 3 1 1 12 1
8 3 1 2 12 1
8 3 1 3 12 1
8 3 2 1 12 1
8 3 2 2 12 1
8 3 2 3 12 1
8 3 3 1 1 1
8 3 3 1 2 1
8 3 3 2 1 1
8 3 3 2 2 1
8 3 3 3 1 1
8 3 3 3 2 1
8 3 4 1 1 1
8 3 4 1 2 1
8 3 4 2 1 1
8 3 4 2 2 1
8 3 4 3 1 1
8 3 4 3 2 1
8 4 1 1 12 1
8 4 1 3 12 1
8 4 2 1 12 1
8 4 2 2 12 1
8 4 2 3 12 1
8 4 3 1 1 1
8 4 3 1 2 1
8 4 3 2 1 1
8 4 3 2 2 1
8 4 3 3 1 1
8 4 3 3 2 1
8 4 4 1 1 1
8 4 4 1 2 1
8 4 4 2 1 1
8 4 4 2 2 1
8 4 4 3 1 1
8 4 4 3 2 1
8 5 1 1 12 1
8 5 1 2 12 1
8 5 1 3 12 1
8 5 2 1 12 1
8 5 2 2 12 1
8 5 2 3 12 1
8 5 3 1 1 1
8 5 3 1 2 1
8 5 3 2 1 1
8 5 3 2 2 1
8 5 3 3 1 1
8 5 3 3 2 1
8 5 4 1 1 1
8 5 4 1 2 1
8 5 4 2 1 1
8 5 4 2 2 1
8 5 4 3 1 1
8 5 4 3 2 1
9 1 1 1 12 1
9 1 1 2 12 1
9 1 1 3 12 1
9 1 2 1 12 1
9 1 2 2 12 1
9 1 2 3 12 1
9 1 3 1 1 1
9 1 3 1 2 1
9 1 3 2 1 1
9 1 3 3 1 1
9 1 3 3 2 1
9 1 4 1 1 1
9 1 4 1 2 1
9 1 4 2 2 1
9 1 4 3 1 1
9 1 4 3 2 1
9 2 1 1 12 1
9 2 1 2 12 1
9 2 1 3 12 1
9 2 2 1 12 1
9 2 2 2 12 1
9 2 2 3 12 1
9 2 3 1 1 1
9 2 3 1 2 1
9 2 3 2 1 1
9 2 3 2 2 1
12 1 2 2 12 1
12 1 2 3 12 1
13 4 4 1 2 1
15 4 4 2 1 1
15 4 4 2 2 1
15 4 4 3 1 1
15 5 1 1 12 1
17 2 4 2 1 1
17 2 4 2 2 1
17 2 4 3 1 1
17 2 4 3 2 1
17 3 1 1 12 1
17 3 1 2 12 1
17 3 1 3 12 1
17 3 2 1 12 1
17 3 2 3 12 1
17 3 3 1 1 1
17 3 3 1 2 1
17 3 3 2 1 1
17 3 3 2 2 1
17 3 3 3 1 1
17 3 3 3 2 1
17 5 3 2 1 1
18 2 1 3 12 1
18 2 2 1 12 1
18 2 2 2 12 1
18 2 2 3 12 1
18 2 3 1 1 1
18 2 3 1 2 1
18 2 3 2 1 1
18 2 3 2 2 1
18 2 3 3 1 1
18 2 3 3 2 1
18 2 4 1 1 1
19 4 4 1 1 1
19 4 4 1 2 1
19 4 4 2 1 1
19 4 4 2 2 1
19 4 4 3 1 1
19 4 4 3 2 1
19 5 1 1 12 1
19 5 1 2 12 1
19 5 1 3 12 1
19 5 2 1 12 1
19 5 2 2 12 1
19 5 2 3 12 1
19 5 3 1 1 1
19 5 3 1 2 1
19 5 3 2 1 1
19 5 3 2 2 1
20 1 4 3 1 1
20 1 4 3 2 1
22 1 2 3 12 1
22 1 3 1 1 1
22 1 3 1 2 1
22 1 3 2 1 1
22 1 3 2 2 1
22 1 3 3 1 1
22 1 3 3 2 1
22 1 4 1 1 1
22 1 4 2 1 1
22 1 4 2 2 1
22 1 4 3 1 1
22 1 4 3 2 1
22 2 1 1 12 1
22 2 1 2 12 1
22 2 1 3 12 1
22 2 2 1 12 1
22 2 2 2 12 1
22 2 2 3 12 1
22 2 3 1 1 1
22 2 3 1 2 1
22 2 3 2 1 1
22 2 3 2 2 1
22 2 3 3 1 1
22 2 3 3 2 1
22 3 4 2 1 1
22 3 4 3 1 1
22 3 4 3 2 1
22 4 1 1 12 1
22 4 1 2 12 1
22 4 1 3 12 1
22 4 2 1 12 1
22 4 2 2 12 1
22 4 2 3 12 1
23 4 3 1 1 1
23 4 3 1 2 1
23 4 3 2 1 1
23 4 3 2 2 1
23 4 3 3 1 1
23 4 3 3 2 1
23 4 4 1 1 1
23 4 4 1 2 1
23 5 3 1 1 1
23 5 3 1 2 1
24 3 4 2 2 1
23 5 3 2 1 1
23 5 3 2 2 1
23 5 3 3 1 1
23 5 3 3 2 1
24 5 1 3 12 1
24 5 2 1 12 1
25 1 3 3 2 1
25 1 4 1 1 1
25 1 4 2 2 1
24 2 1 3 12 1
24 2 2 1 12 1
24 2 2 2 12 1
24 2 2 3 12 1
24 2 3 1 1 1
24 2 3 1 2 1
24 2 3 2 1 1
24 2 3 2 2 1
24 2 3 3 1 1
24 2 3 3 2 1
24 2 4 1 1 1
24 2 4 2 1 1
24 2 4 2 2 1
23 3 4 2 1 1
23 3 4 2 2 1
23 4 2 1 12 1
23 4 2 2 12 1
23 4 2 3 12 1
23 4 4 3 2 1
23 5 1 1 12 1
23 5 1 3 12 1
23 5 2 1 12 1
23 5 2 2 12 1
23 5 2 3 12 1
23 5 4 3 2 1
24 1 3 3 1 1
24 1 3 3 2 1
24 3 4 2 1 1
24 3 4 3 1 1
24 3 4 3 2 1
24 5 4 2 2 1
24 4 1 2 12 1
24 4 2 1 12 1
24 4 2 3 12 1
24 4 3 1 1 1
24 4 3 2 1 1
24 4 3 3 1 1
24 4 3 3 2 1
24 4 4 1 1 1
24 4 4 1 2 1
24 5 1 1 12 1
24 5 2 2 12 1
24 5 2 3 12 1
25 1 3 1 2 1
25 1 4 3 1 1
25 1 4 3 2 1
25 2 1 1 12 1
25 2 1 2 12 1
2 1 3 12 1 
35 3 2 1 12    
37 3 3 3 2 1
37 3 4 1 1 1
37 3 4 1 2 1
37 1 3 2 2 1
37 1 3 3 1 1
37 1 3 3 2 1
37 1 4 1 1 1
37 1 4 1 2 1
37 1 4 2 1 1
37 1 4 2 2 1
37 1 4 3 1 1
37 1 4 3 2 1
37 2 1 1 12 1
37 2 1 2 12 1
37 2 1 3 12 1
37 2 2 1 12 1
37 2 2 2 12 1
37 2 2 3 12 1
37 2 3 1 1 1
37 2 3 1 2 1
37 2 3 2 1 1
37 2 3 2 2 1
37 2 3 3 1 1
37 2 3 3 2 1
37 2 4 1 1 1
37 2 4 1 2 1
37 2 4 2 1 1
37 2 4 2 2 1
37 2 4 3 1 1
37 3 1 3 12 1
36 5 3 2 1 1
36 5 3 2 2 1
36 5 3 3 1 1
36 5 3 3 2 1
36 5 4 1 1 1
36 5 4 1 2 1
36 5 4 2 1 1
38 4 3 3 2 1
