3 3 1 2
20 2 3 3 2 2
20 3 3 1 1 2
20 3 3 1 2 2
20 3 3 2 1 2
20 3 3 2 2 2
20 3 3 3 1 2
20 3 3 3 2 2
20 4 3 1 1 2
20 4 3 1 2 2
20 4 3 2 1 2
20 4 3 2 2 2
20 4 3 3 1 2
20 4 3 3 2 2
20 5 3 1 1 2
20 5 3 1 2 2
20 5 3 2 1 2
20 5 3 2 2 2
20 5 3 3 1 2
20 5 3 3 2 2
21 1 3 1 1 2
21 1 3 1 2 2
21 1 3 2 1 2
21 1 3 2 2 2
21 1 3 3 1 2
21 1 3 3 2 2
21 2 3 1 1 2
21 2 3 1 2 2
21 2 3 2 1 2
21 2 3 2 2 2
21 2 3 3 1 2
21 2 3 3 2 2
21 3 3 1 1 2
21 3 3 1 2 2
21 3 3 2 1 2
21 3 3 2 2 2
21 3 3 3 1 2
21 3 3 3 2 2
21 4 3 1 1 2
21 4 3 1 2 2
21 4 3 2 1 2
21 4 3 2 2 2
21 4 3 3 1 2
21 4 3 3 2 2
21 5 3 1 1 2
21 5 3 1 2 2
21 5 3 2 1 2
21 5 3 2 2 2
21 5 3 3 1 2
21 5 3 3 2 2
22 1 3 1 1 2
22 1 3 1 2 2
22 1 3 2 1 2
22 1 3 2 2 2
22 1 3 3 1 2
22 1 3 3 2 2
22 2 3 1 1 2
22 2 3 1 2 2
22 2 3 2 1 2
22 2 3 2 2 2
22 2 3 3 1 2
22 2 3 3 2 2
22 3 3 1 1 2
22 3 3 1 2 2
22 3 3 2 1 2
22 3 3 2 2 2
22 3 3 3 1 2
22 3 3 3 2 2
22 4 3 1 1 2
22 4 3 1 2 2
22 4 3 2 1 2
22 4 3 2 2 2
22 4 3 3 1 2
22 4 3 3 2 2
22 5 3 1 1 2
22 5 3 1 2 2
22 5 3 2 1 2
22 5 3 2 2 2
22 5 3 3 1 2
22 5 3 3 2 2
23 1 3 1 1 2
23 1 3 1 2 2
23 1 3 2 1 2
23 1 3 2 2 2
23 1 3 3 1 2
23 1 3 3 2 2
23 2 3 1 1 2
23 2 3 1 2 2
23 2 3 2 1 2
23 2 3 2 2 2
23 2 3 3 1 2
23 2 3 3 2 2
23 3 3 1 1 2
23 3 3 1 2 2
23 3 3 2 1 2
23 3 3 2 2 2
23 3 3 3 1 2
23 3 3 3 2 2
23 4 3 1 1 2
23 4 3 1 2 2
23 4 3 2 1 2
23 4 3 2 2 2
23 4 3 3 1 2
23 4 3 3 2 2
23 5 3 1 1 2
23 5 3 1 2 2
23 5 3 2 1 2
23 5 3 2 2 2
23 5 3 3 1 2
23 5 3 3 2 2
24 1 3 1 1 2
24 1 3 1 2 2
24 1 3 2 1 2
24 1 3 2 2 2
24 1 3 3 1 2
24 1 3 3 2 2
24 2 3 1 1 2
24 2 3 1 2 2
24 2 3 2 1 2
24 2 3 2 2 2
24 2 3 3 1 2
24 2 3 3 2 2
24 3 3 1 1 2
24 3 3 1 2 2
24 3 3 2 1 2
24 3 3 2 2 2
24 3 3 3 1 2
24 3 3 3 2 2
24 4 3 1 1 2
24 4 3 1 2 2
24 4 3 2 1 2
24 4 3 2 2 2
24 4 3 3 1 2
24 4 3 3 2 2
24 5 3 1 1 2
24 5 3 1 2 2
24 5 3 2 1 2
24 5 3 2 2 2
24 5 3 3 1 2
24 5 3 3 2 2
25 1 3 1 1 2
25 1 3 1 2 2
25 1 3 2 1 2
25 1 3 2 2 2
25 1 3 3 1 2
25 1 3 3 2 2
25 2 3 1 1 2
25 2 3 1 2 2
25 2 3 2 1 2
25 2 3 2 2 2
25 2 3 3 1 2
25 2 3 3 2 2
25 3 3 1 1 2
25 3 3 1 2 2
25 3 3 2 1 2
25 3 3 2 2 2
25 3 3 3 1 2
25 3 3 3 2 2
25 4 3 1 1 2
25 4 3 1 2 2
25 4 3 2 1 2
25 4 3 2 2 2
25 4 3 3 1 2
25 4 3 3 2 2
25 5 3 1 1 2
25 5 3 1 2 2
25 5 3 2 1 2
25 5 3 2 2 2
25 5 3 3 1 2
25 5 3 3 2 2
26 1 3 1 1 2
26 1 3 1 2 2
26 1 3 2 1 2
26 1 3 2 2 2
26 1 3 3 1 2
26 1 3 3 2 2
26 2 3 1 1 2
26 2 3 1 2 2
26 2 3 2 1 2
26 2 3 2 2 2
26 2 3 3 1 2
26 2 3 3 2 2
26 3 3 1 1 2
26 3 3 1 2 2
26 3 3 2 1 2
26 3 3 2 2 2
26 3 3 3 1 2