 1 1:2 1
31 1 1 2 1:2 1
31 1 1 3 1:2 1
31 1 2 1 1:2 1
31 1 2 2 1:2 1
31 1 2 3 1:2 1
31 1 3 1 1 1
31 1 3 1 2 1
31 1 3 2 1 1
31 1 3 2 2 1
31 1 3 3 1 1
31 1 3 3 2 1
31 1 4 1 1 1
31 1 4 1 2 1
31 1 4 2 1 1
31 1 4 2 2 1
31 1 4 3 1 1
31 1 4 3 2 1
31 2 1 1 1:2 1
31 2 1 2 1:2 1
31 2 1 3 1:2 1
31 2 2 1 1:2 1
31 2 2 2 1:2 1
31 2 2 3 1:2 1
31 2 3 1 1 1
31 2 3 1 2 1
31 2 3 2 1 1
31 2 3 2 2 1
31 2 3 3 1 1
31 2 3 3 2 1
31 2 4 1 1 1
31 2 4 1 2 1
31 2 4 2 1 1
31 2 4 2 2 1
31 2 4 3 1 1
31 2 4 3 2 1
31 3 1 1 1:2 1
31 3 1 2 1:2 1
31 3 1 3 1:2 1
31 3 2 1 1:2 1
31 3 2 2 1:2 1
31 3 2 3 1:2 1
31 3 3 1 1 1
31 3 3 1 2 1
31 3 3 2 1 1
31 3 3 2 2 1
31 3 3 3 1 1
31 3 3 3 2 1
31 3 4 1 1 1
31 3 4 1 2 1
31 3 4 2 1 1
31 3 4 2 2 1
31 3 4 3 1 1
31 3 4 3 2 1
31 4 1 1 1:2 1
31 4 1 2 1:2 1
31 4 1 3 1:2 1
31 4 2 1 1:2 1
31 4 2 2 1:2 1
31 4 2 3 1:2 1
31 4 3 1 1 1
31 4 3 1 2 1
31 4 3 2 1 1
31 4 3 2 2 1
31 4 3 3 1 1
31 4 3 3 2 1
31 4 4 1 1 1
31 4 4 1 2 1
31 4 4 2 1 1
31 4 4 2 2 1
31 4 4 3 1 1
31 4 4 3 2 1
31 5 1 1 1:2 1
31 5 1 2 1:2 1
31 5 1 3 1:2 1
31 5 2 1 1:2 1
31 5 2 2 1:2 1
31 5 2 3 1:2 1
31 5 3 1 1 1
31 5 3 1 2 1
31 5 3 2 1 1
31 5 3 2 2 1
31 5 3 3 1 1
31 5 3 3 2 1
31 5 4 1 1 1
31 5 4 1 2 1
31 5 4 2 1 1
31 5 4 2 2 1
31 5 4 3 1 1
31 5 4 3 2 1
32 1 1 1 1:2 1
32 1 1 2 1:2 1
32 1 1 3 1:2 1
32 1 2 1 1:2 1
32 1 2 2 1:2 1
32 1 2 3 1:2 1
32 1 3 1 1 1
32 1 3 1 2 1
32 1 3 2 1 1
32 1 3 2 2 1
