
26 3 3 3 2 2
26 4 3 1 1 2
26 4 3 1 2 2
26 4 3 2 1 2
26 4 3 2 2 2
26 4 3 3 1 2
26 4 3 3 2 2
26 5 3 1 1 2
26 5 3 1 2 2
26 5 3 2 1 2
26 5 3 2 2 2
26 5 3 3 1 2
26 5 3 3 2 2
27 1 3 1 1 2
27 1 3 1 2 2
27 1 3 2 1 2
27 1 3 2 2 2
27 1 3 3 1 2
27 1 3 3 2 2
27 2 3 1 1 2
27 2 3 1 2 2
27 2 3 2 1 2
27 2 3 2 2 2
27 2 3 3 1 2
27 2 3 3 2 2
27 3 3 1 1 2
27 3 3 1 2 2
27 3 3 2 1 2
27 3 3 2 2 2
27 3 3 3 1 2
27 3 3 3 2 2
27 4 3 1 1 2
27 4 3 1 2 2
27 4 3 2 1 2
27 4 3 2 2 2
27 4 3 3 1 2
27 4 3 3 2 2
27 5 3 1 1 2
27 5 3 1 2 2
27 5 3 2 1 2
27 5 3 2 2 2
27 5 3 3 1 2
27 5 3 3 2 2
28 1 3 1 1 2
28 1 3 1 2 2
28 1 3 2 1 2
28 1 3 2 2 2
28 1 3 3 1 2
28 1 3 3 2 2
28 2 3 1 1 2
28 2 3 1 2 2
28 2 3 2 1 2
28 2 3 2 2 2
28 2 3 3 1 2
28 2 3 3 2 2
28 3 3 1 1 2
28 3 3 1 2 2
28 3 3 2 1 2
28 3 3 2 2 2
28 3 3 3 1 2
28 3 3 3 2 2
28 4 3 1 1 2
28 4 3 1 2 2
28 4 3 2 1 2
28 4 3 2 2 2
28 4 3 3 1 2
28 4 3 3 2 2
28 5 3 1 1 2
28 5 3 1 2 2
28 5 3 2 1 2
28 5 3 2 2 2
28 5 3 3 1 2
28 5 3 3 2 2
29 1 3 1 1 2
29 1 3 1 2 2
29 1 3 2 1 2
29 1 3 2 2 2
29 1 3 3 1 2
29 1 3 3 2 2
29 2 3 1 1 2
29 2 3 1 2 2
29 2 3 2 1 2
29 2 3 2 2 2
29 2 3 3 1 2
29 2 3 3 2 2
29 3 3 1 1 2
29 3 3 1 2 2
29 3 3 2 1 2
29 3 3 2 2 2
29 3 3 3 1 2
29 3 3 3 2 2
29 4 3 1 1 2
29 4 3 1 2 2
29 4 3 2 1 2
29 4 3 2 2 2
29 4 3 3 1 2
29 4 3 3 2 2
29 5 3 1 1 2
29 5 3 1 2 2
29 5 3 2 1 2
29 5 3 2 2 2
29 5 3 3 1 2
29 5 3 3 2 2
30 1 3 1 1 2
30 1 3 1 2 2
30 1 3 2 1 2
30 1 3 2 2 2
30 1 3 3 1 2
30 1 3 3 2 2
30 2 3 1 1 2
30 2 3 1 2 2
30 2 3 2 1 2
30 2 3 2 2 2
30 2 3 3 1 2
30 2 3 3 2 2
30 3 3 1 1 2
30 3 3 1 2 2
30 3 3 2 1 2
30 3 3 2 2 2
30 3 3 3 1 2
30 3 3 3 2 2
30 4 3 1 1 2
30 4 3 1 2 2
30 4 3 2 1 2
30 4 3 2 2 2
30 4 3 3 1 2
30 4 3 3 2 2
30 5 3 1 1 2
30 5 3 1 2 2
30 5 3 2 1 2
30 5 3 2 2 2
30 5 3 3 1 2
30 5 3 3 2 2
31 1 3 1 1 2
31 1 3 1 2 2
31 1 3 2 1 2
31 1 3 2 2 2
31 1 3 3 1 2
31 1 3 3 2 2
31 2 3 1 1 2
31 2 3 1 2 2
31 2 3 2 1 2
31 2 3 2 2 2
31 2 3 3 1 2
31 2 3 3 2 2
31 3 3 1 1 2
31 3 3 1 2 2
31 3 3 2 1 2
31 3 3 2 2 2
31 3 3 3 1 2
31 3 3 3 2 2
31 4 3 1 1 2
31 4 3 1 2 2
31 4 3 2 1 2
31 4 3 2 2 2
31 4 3 3 1 2
31 4 3 3 2 2
31 5 3 1 1 2
31 5 3 1 2 2
31 5 3 2 1 2
31 5 3 2 2 2
31 5 3 3 1 2
31 5 3 3 2 2
32 1 3 1 1 2
32 1 3 1 2 2
32 1 3 2 1 2
32 1 3 2 2 2
32 1 3 3 1 2
32 1 3 3 2 2
32 2 3 1 1 2
32 2 3 1 2 2
32 2 3 2 1 2
32 2 3 2 2 2
32 2 3 3 1 2
32 2 3 3 2 2
32 3 3 1 1 2
32 3 3 1 2 2
32 3 3 2 1 2
32 3 3 2 2 2
32 3 3 3 1 2
32 3 3 3 2 2
32 4 3 1 1 2
32 4 3 1 2 2
32 4 3 2 1 2
32 4 3 2 2 2
32 4 3 3 1 2
32 4 3