6 3 3 3 2 1
10 3 3 3 2 1
13 3 3 3 2 1
18 3 3 3 2 1
26 3 3 3 2 1
28 3 3 3 2 1
30 3 3 3 2 1
6 3 3 3 2 1
10 3 3 3 2 1
13 3 3 3 2 1
18 3 3 3 2 1
26 3 3 3 2 1
28 3 3 3 2 1
30 3 3 3 2 1
9 3 3 3 2 1
12 3 3 3 2 1
15 3 3 3 2 1
25 3 3 3 2 1
9 3 3 3 2 1
12 3 3 3 2 1
15 3 3 3 2 1
17 3 3 3 2 1
25 3 3 3 2 1
27 3 3 3 2 1
29 3 3 3 2 1
9 3 3 3 2 1
12 3 3 3 2 1
15 3 3 3 2 1
17 3 3 3 2 1
25 3 3 3 2 1
27 3 3 3 2 1
29 3 3 3 2 1
1 3 3 3 2 1
19 3 3 3 2 1
1 3 3 3 2 1
19 3 3 3 2 1
1 3 3 3 2 1
19 3 3 3 2 1
1 3 3 3 2 1
19 3 3 3 2 1
3 3 3 3 2 1
4 3 3 3 2 1
5 3 3 3 2 1
31 3 3 3 2 1
34 3 3 3 2 1
35 3 3 3 2 1
4 3 3 3 2 1
31 3 3 3 2 1
3 3 3 3 2 1
4 3 3 3 2 1
5 3 3 3 2 1
31 3 3 3 2 1
34 3 3 3 2 1
35 3 3 3 2 1
3 3 3 3 2 1
4 3 3 3 2 1
5 3 3 3 2 1
31 3 3 3 2 1
34 3 3 3 2 1
35 3 3 3 2 1
2 3 3 3 2 1
7 3 3 3 2 1
14 3 3 3 2 1
32 3 3 3 2 1
33 3 3 3 2 1
14 3 3 3 2 1
32 3 3 3 2 1
33 3 3 3 2 1
2 3 3 3 2 1
7 3 3 3 2 1
8 3 3 3 2 1
14 3 3 3 2 1
32 3 3 3 2 1
33 3 3 3 2 1
2 3 3 3 2 1
7 3 3 3 2 1
8 3 3 3 2 1
14 3 3 3 2 1
32 3 3 3 2 1
33 3 3 3 2 1
15 5 3 3 2 1
16 5 3 3 2 1
27 5 3 3 2 1
28 5 3 3 2 1
15 5 3 3 2 1
16 5 3 3 2 1
27 5 3 3 2 1
28 5 3 3 2 1
31 5 3 3 2 1
15 5 3 3 2 1
16 5 3 3 2 1
27 5 3 3 2 1
28 5 3 3 2 1
31 5 3 3 2 1
27 4 3 3 2 1
3 4 3 3 2 1
15 4 3 3 2 1
18 4 3 3 2 1
3 4 3 3 2 1
15 4 3 3 2 1
17 4 3 3 2 1
18 4 3 3 2 1
27 4 3 3 2 1
29 4 3 3 2 1
3 4 3 3 2 1
15 4 3 3 2 1
16 4 3 3 2 1
17 4 3 3 2 1
18 4 3 3 2 1
27 4 3 3 2 1
29 4 3 3 2 1
36 3 3 3 2 1
20 3 3 3 2 1
36 3 3 3 2 1
16 3 3 3 2 1
16 3 3 3 2 1
38 3 3 3 2 1
9 2 3 3 2 1
10 2 3 3 2 1
15 2 3 3 2 1
27 2 3 3 2 1
29 2 3 3 2 1
35 2 3 3 2 1
9 2 3 3 2 1
10 2 3 3 2 1
15 2 3 3 2 1
17 2 3 3 2 1
27 2 3 3 2 1
29 2 3 3 2 1
35 2 3 3 2 1
9 2 3 3 2 1
10 2 3 3 2 1
15 2 3 3 2 1
17 2 3 3 2 1
27 2 3 3 2 1
29 2 3 3 2 1
35 2 3 3 2 1
10 1 3 3 2 1
16 1 3 3 2 1
17 1 3 3 2 1
29 1 3 3 2 1
33 1 3 3 2 1
36 1 3 3 2 1
10 1 3 3 2 1
33 1 3 3 2 1
10 1 3 3 2 1
16 1 3 3 2 1
17 1 3 3 2 1
29 1 3 3 2 1
33 1 3 3 2 1
36 1 3 3 2 1
10 1 3 3 2 1
16 1 3 3 2 1
17 1 3 3 2 1
29 1 3 3 2 1
33 1 3 3 2 1
36 1 3 3 2 1
10 3 3 3 1 1
6 3 3 3 1 1
10 3 3 3 1 1
13 3 3 3 1 1
17 3 3 3 1 1
18 3 3 3 1 1
26 3 3 3 1 1
28 3 3 3 1 1
30 3 3 3 1 1
10 3 3 3 1 1
17 3 3 3 1 1
18 3 3 3 1 1
28 3 3 3 1 1
30 3 3 3 1 1
6 3 3 3 1 1
10 3 3 3 1 1
13 3 3 3 1 1
17 3 3 3 1 1
18 3 3 3 1 1
26 3 3 3 1 1
28 3 3 3 1 1
30 3 3 3 1 1
6 3 3 3 1 1
10 3 3 3 1 1
13 3 3 3 1 1
17 3 3 3 1 1
18 3 3 3 1 1
26 3 3 3 1 1
28 3 3 3 1 1
30 3 3 3 1 1
9 3 3 3 1 1
12 3 3 3 1 1
15 3 3 3 1 1
25 3 3 3 1 1
27 3 3 3 1 1
9 3 3 3 1 1
25 3 3 3 1 1
9 3 3 3 1 1
