1 1 3 1 1 1
1 1 3 1 2 1
1 5 3 1 1 1
1 5 3 1 2 1
2 1 3 1 1 1
2 1 3 1 2 1
2 5 3 1 1 1
2 5 3 1 2 1
3 1 3 1 1 1
3 1 3 1 2 1
3 5 3 1 1 1
3 5 3 1 2 1
4 1 3 1 1 1
4 1 3 1 2 1
4 5 3 1 1 1
4 5 3 1 2 1
5 1 3 1 1 1
5 1 3 1 2 1
5 5 3 1 1 1
5 5 3 1 2 1
6 1 3 1 1 1
6 1 3 1 2 1
6 5 3 1 1 1
6 5 3 1 2 1
7 1 3 1 1 1
7 1 3 1 2 1
7 5 3 1 1 1
7 5 3 1 2 1
8 1 3 1 1 1
8 1 3 1 2 1
8 5 3 1 1 1
8 5 3 1 2 1
9 1 3 1 1 1
9 1 3 1 2 1
9 5 3 1 1 1
9 5 3 1 2 1
10 1 3 1 1 1
10 1 3 1 2 1
10 5 3 1 1 1
10 5 3 1 2 1
11 1 3 1 1 1
11 1 3 1 2 1
11 5 3 1 1 1
11 5 3 1 2 1
12 1 3 1 1 1
12 1 3 1 2 1
12 5 3 1 1 1
12 5 3 1 2 1
13 1 3 1 1 1
13 1 3 1 2 1
13 5 3 1 1 1
13 5 3 1 2 1
14 1 3 1 1 1
14 1 3 1 2 1
14 5 3 1 1 1
14 5 3 1 2 1
15 1 3 1 1 1
15 1 3 1 2 1
15 5 3 1 1 1
15 5 3 1 2 1
16 1 3 1 1 1
16 1 3 1 2 1
16 5 3 1 1 1
16 5 3 1 2 1
17 1 3 1 1 1
17 1 3 1 2 1
17 5 3 1 1 1
17 5 3 1 2 1
18 1 3 1 1 1
18 1 3 1 2 1
18 5 3 1 1 1
18 5 3 1 2 1
19 1 3 1 1 1
19 1 3 1 2 1
19 5 3 1 1 1
19 5 3 1 2 1
20 1 3 1 1 1
20 1 3 1 2 1
20 5 3 1 1 1
20 5 3 1 2 1
21 1 3 1 1 1
21 1 3 1 2 1
21 5 3 1 1 1
21 5 3 1 2 1
22 1 3 1 1 1
22 1 3 1 2 1
22 5 3 1 1 1
22 5 3 1 2 1
23 1 3 1 1 1
23 1 3 1 2 1
23 5 3 1 1 1
23 5 3 1 2 1
24 1 3 1 1 1
24 1 3 1 2 1
24 5 3 1 1 1
24 5 3 1 2 1
25 1 3 1 1 1
25 1 3 1 2 1
25 5 3 1 1 1
25 5 3 1 2 1
26 1 3 1 1 1
26 1 3 1 2 1
26 5 3 1 1 1
26 5 3 1 2 1
27 1 3 1 1 1
27 1 3 1 2 1
27 5 3 1 1 1
27 5 3 1 2 1
28 1 3 1 1 1
28 1 3 1 2 1
28 5 3 1 1 1
28 5 3 1 2 1
29 1 3 1 1 1
29 1 3 1 2 1
29 5 3 1 1 1
29 5 3 1 2 1
30 1 3 1 1 1
30 1 3 1 2 1
30 5 3 1 1 1
30 5 3 1 2 1
31 1 3 1 1 1
31 1 3 1 2 1
31 5 3 1 1 1
31 5 3 1 2 1
32 1 3 1 1 1
32 1 3 1 2 1
32 5 3 1 1 1
32 5 3 1 2 1
33 1 3 1 1 1
33 1 3 1 2 1
33 5 3 1 1 1
33 5 3 1 2 1
34 1 3 1 1 1
34 1 3 1 2 1
34 5 3 1 1 1
34 5 3 1 2 1
35 1 3 1 1 1
35 1 3 1 2 1
35 5 3 1 1 1
35 5 3 1 2 1
36 1 3 1 1 1
36 1 3 1 2 1
36 5 3 1 1 1
36 5 3 1 2 1
37 1 3 1 1 1
37 1 3 1 2 1
37 5 3 1 1 1
37 5 3 1 2 1
38 1 3 1 1 1
38 1 3 1 2 1
38 5 3 1 1 1
38 5 3 1 2 1
